# Version 1.00
#
freq[Hz];re:Trc1_S11;im:Trc1_S11;re:Trc2_S21;im:Trc2_S21;
2.400000000000000E+009;1.681619882583618E-001;4.678380861878395E-002;-2.296979771926999E-003;1.836871728301048E-003;
2.400166666666667E+009;1.690408289432526E-001;4.590066522359848E-002;-2.332531847059727E-003;1.576838665641844E-003;
2.400333333333334E+009;1.700683087110519E-001;4.452146962285042E-002;-2.341643907129765E-003;1.603619311936200E-003;
2.400500000000000E+009;1.708017736673355E-001;4.364888742566109E-002;-2.296850085258484E-003;1.605052268132567E-003;
2.400666666666667E+009;1.718215346336365E-001;4.259702563285828E-002;-2.325153443962336E-003;1.472478848882020E-003;
2.400833333333334E+009;1.727582365274429E-001;4.172230884432793E-002;-2.420106902718544E-003;1.390429330058396E-003;
2.401000000000000E+009;1.735303401947022E-001;4.087758436799049E-002;-2.479318762198091E-003;1.450005802325904E-003;
2.401166666666667E+009;1.742116659879684E-001;4.004280641674995E-002;-2.739329589530826E-003;1.450662733986974E-003;
2.401333333333334E+009;1.750549376010895E-001;3.952919691801071E-002;-2.640927676111460E-003;1.448478898964822E-003;
2.401500000000000E+009;1.758138537406921E-001;3.871079534292221E-002;-2.694718772545457E-003;1.431875978596509E-003;
2.401666666666667E+009;1.764504760503769E-001;3.818980231881142E-002;-2.967444946989417E-003;1.496877986937761E-003;
2.401833333333334E+009;1.769073009490967E-001;3.748666122555733E-002;-2.958579920232296E-003;1.766458619385958E-003;
2.402000000000000E+009;1.774773448705673E-001;3.677365556359291E-002;-3.004721598699689E-003;1.830515800975263E-003;
2.402166666666667E+009;1.779336780309677E-001;3.606903925538063E-002;-3.073785686865449E-003;1.914310501888394E-003;
2.402333333333334E+009;1.781711131334305E-001;3.550300747156143E-002;-3.028776030987501E-003;2.080883830785751E-003;
2.402500000000000E+009;1.787765473127365E-001;3.482261300086975E-002;-3.072624327614904E-003;2.161046955734491E-003;
2.402666666666667E+009;1.790954470634460E-001;3.427560627460480E-002;-3.101262962445617E-003;2.279969630762935E-003;
2.402833333333334E+009;1.791696250438690E-001;3.340137377381325E-002;-3.101521637290716E-003;2.456404734402895E-003;
2.403000000000000E+009;1.794473528862000E-001;3.262159973382950E-002;-3.005855949595571E-003;2.701159100979567E-003;
2.403166666666667E+009;1.794942319393158E-001;3.199033439159393E-002;-2.944668987765908E-003;2.679293509572744E-003;
2.403333333333334E+009;1.793686896562576E-001;3.097710944712162E-002;-3.079324029386044E-003;2.793608000501990E-003;
2.403500000000000E+009;1.793498396873474E-001;3.023266419768333E-002;-2.983534941449761E-003;3.122368594631553E-003;
2.403666666666667E+009;1.788971573114395E-001;2.901123650372028E-002;-2.922133542597294E-003;3.189077368006110E-003;
2.403833333333334E+009;1.789285838603973E-001;2.807486616075039E-002;-2.916563302278519E-003;3.541490761563182E-003;
2.404000000000000E+009;1.785577237606049E-001;2.703569456934929E-002;-2.884001005440950E-003;3.574831644073129E-003;
2.404166666666667E+009;1.783228665590286E-001;2.575598284602165E-002;-2.918357029557228E-003;3.764178603887558E-003;
2.404333333333334E+009;1.778391003608704E-001;2.466391213238239E-002;-2.703862264752388E-003;3.839028533548117E-003;
2.404500000000000E+009;1.774052083492279E-001;2.310096472501755E-002;-2.553183352574706E-003;4.058874677866697E-003;
2.404666666666667E+009;1.768784224987030E-001;2.183433249592781E-002;-2.497491193935275E-003;4.472240805625916E-003;
2.404833333333334E+009;1.765383481979370E-001;2.046456374228001E-002;-2.347958739846945E-003;4.595912992954254E-003;
2.405000000000000E+009;1.760390549898148E-001;1.878293789923191E-002;-2.091683214530349E-003;4.588912706822157E-003;
2.405166666666667E+009;1.756936609745026E-001;1.742164231836796E-002;-2.096233423799276E-003;4.916773177683353E-003;
2.405333333333334E+009;1.752463728189468E-001;1.550739631056786E-002;-1.874354202300310E-003;5.028116516768932E-003;
2.405500000000000E+009;1.748208254575729E-001;1.422342378646135E-002;-1.614838722161949E-003;5.142021924257278E-003;
2.405666666666667E+009;1.743135303258896E-001;1.243217568844557E-002;-1.288491184823215E-003;5.337016191333532E-003;
2.405833333333334E+009;1.738858073949814E-001;1.082855649292469E-002;-1.115944003686309E-003;5.502084735780954E-003;
2.406000000000000E+009;1.736348569393158E-001;8.862920105457306E-003;-9.191719000227749E-004;5.483157001435757E-003;
2.406166666666667E+009;1.732673048973084E-001;7.068016100674868E-003;-5.900121759623289E-004;5.452875047922134E-003;
2.406333333333334E+009;1.732940822839737E-001;5.224831867963076E-003;-3.556453157216311E-004;5.571419838815928E-003;
2.406500000000000E+009;1.732043772935867E-001;3.297594143077731E-003;5.847634020028636E-005;5.540177691727877E-003;
2.406666666666667E+009;1.728647798299789E-001;1.334352768026292E-003;3.098043089266866E-004;5.635556299239397E-003;
2.406833333333334E+009;1.729385256767273E-001;-7.791338139213622E-004;5.299635813571513E-004;5.593248642981052E-003;
2.407000000000000E+009;1.730365902185440E-001;-2.926956396549940E-003;7.330211810767651E-004;5.476056132465601E-003;
2.407166666666667E+009;1.731434464454651E-001;-4.789722617715597E-003;1.004641409963369E-003;5.554486997425556E-003;
2.407333333333334E+009;1.733439415693283E-001;-6.990063469856978E-003;1.215251279063523E-003;5.465738940984011E-003;
2.407500000000000E+009;1.734356731176376E-001;-8.967139758169651E-003;1.447109156288207E-003;5.408439319580793E-003;
2.407666666666667E+009;1.737222671508789E-001;-1.094816997647286E-002;1.696812571026385E-003;4.998991731554270E-003;
2.407833333333334E+009;1.738264560699463E-001;-1.323078665882349E-002;1.952506485395134E-003;5.000984296202660E-003;
2.408000000000000E+009;1.742931455373764E-001;-1.543487142771483E-002;2.193442313000560E-003;5.069693550467491E-003;
2.408166666666667E+009;1.744890511035919E-001;-1.715818978846073E-002;2.380048856139183E-003;4.845973569899797E-003;
2.408333333333334E+009;1.751622259616852E-001;-1.909979246556759E-002;2.554374746978283E-003;4.645514767616987E-003;
2.408500000000000E+009;1.753394156694412E-001;-2.111220546066761E-002;2.632397226989269E-003;4.361260682344437E-003;
2.408666666666667E+009;1.757602989673615E-001;-2.304869517683983E-002;2.997898263856769E-003;4.338342696428299E-003;
2.408833333333334E+009;1.759958565235138E-001;-2.472194470465183E-002;3.015448106452823E-003;4.082597792148590E-003;
2.409000000000000E+009;1.763230562210083E-001;-2.639244496822357E-002;3.138733794912696E-003;3.964605275541544E-003;
2.409166666666667E+009;1.768229007720947E-001;-2.775955013930798E-002;3.174820914864540E-003;3.736560000106692E-003;
2.409333333333334E+009;1.772876977920532E-001;-2.938113547861576E-002;3.356412053108215E-003;3.599887015298009E-003;
2.409500000000000E+009;1.776262074708939E-001;-3.087367489933968E-002;3.417499829083681E-003;3.383548930287361E-003;
2.409666666666667E+009;1.779025197029114E-001;-3.195156902074814E-002;3.470008959993720E-003;3.384516574442387E-003;
2.409833333333334E+009;1.782665848731995E-001;-3.295609354972839E-002;3.513653296977282E-003;3.148836782202125E-003;
2.410000000000000E+009;1.788805872201920E-001;-3.408554568886757E-002;3.491882933303714E-003;3.211322473362088E-003;
2.410166666666667E+009;1.793170422315598E-001;-3.486402705311775E-002;3.608914325013757E-003;2.941125305369496E-003;
2.410333333333334E+009;1.796898841857910E-001;-3.567717224359512E-002;3.575694747269154E-003;2.950716298073530E-003;
2.410500000000000E+009;1.801330298185349E-001;-3.661415725946426E-002;3.830102505162358E-003;2.500228583812714E-003;
2.410666666666667E+009;1.804323196411133E-001;-3.727512434124947E-002;3.764586988836527E-003;2.575684105977416E-003;
2.410833333333334E+009;1.810342669487000E-001;-3.794595226645470E-002;3.961735870689154E-003;2.526035998016596E-003;
2.411000000000000E+009;1.811472475528717E-001;-3.839802369475365E-002;3.993319813162088E-003;2.312346827238798E-003;
2.411166666666667E+009;1.814207136631012E-001;-3.909955918788910E-002;4.208270460367203E-003;2.168631646782160E-003;
2.411333333333334E+009;1.815520972013474E-001;-3.952908515930176E-002;4.008342977613211E-003;1.989196287468076E-003;
2.411500000000000E+009;1.817276477813721E-001;-4.023198038339615E-002;4.082140978425741E-003;1.889147679321468E-003;
2.411666666666667E+009;1.818108558654785E-001;-4.064471647143364E-002;4.104587715119124E-003;1.635997323319316E-003;
2.411833333333334E+009;1.817323267459869E-001;-4.075732082128525E-002;4.238942172378302E-003;1.491127302870154E-003;
2.412000000000000E+009;1.816048622131348E-001;-4.138241708278656E-002;4.141845740377903E-003;1.324584591202438E-003;
2.412166666666667E+009;1.812306195497513E-001;-4.177538678050041E-002;4.131200257688761E-003;1.109368400648236E-003;
2.412333333333334E+009;1.810320615768433E-001;-4.206121712923050E-002;4.004916641861200E-003;1.014603301882744E-003;
2.412500000000000E+009;1.804411858320236E-001;-4.244895651936531E-002;4.122126847505570E-003;8.631289238110185E-004;
2.412666666666667E+009;1.799273937940598E-001;-4.310128465294838E-002;3.933502826839685E-003;8.412823081016541E-004;
2.412833333333334E+009;1.793398559093475E-001;-4.321594163775444E-002;3.980527166277170E-003;5.904351128265262E-004;
2.413000000000000E+009;1.786045730113983E-001;-4.376021400094032E-002;3.876055125147104E-003;5.944447475485504E-004;
2.413166666666667E+009;1.777151674032211E-001;-4.416005313396454E-002;3.740676678717136E-003;4.425667866598815E-004;
2.413333333333334E+009;1.766475290060043E-001;-4.463404789566994E-002;3.713839920237660E-003;4.239628615323454E-004;
2.413500000000000E+009;1.757111847400665E-001;-4.497509449720383E-002;3.723098430782557E-003;3.007293271366507E-004;
2.413666666666667E+009;1.746279299259186E-001;-4.560671001672745E-002;3.595994086936116E-003;2.794781466946006E-004;
2.413833333333334E+009;1.737093180418015E-001;-4.629192128777504E-002;3.633445128798485E-003;3.200461796950549E-004;
2.414000000000000E+009;1.725350320339203E-001;-4.690613225102425E-002;3.362929681316018E-003;2.552965888753533E-004;
2.414166666666667E+009;1.713930517435074E-001;-4.755513370037079E-002;3.375388449057937E-003;3.061645838897675E-004;
2.414333333333334E+009;1.702574044466019E-001;-4.840126633644104E-002;3.443899331614375E-003;2.672951959539205E-004;
2.414500000000000E+009;1.691520065069199E-001;-4.919660463929176E-002;3.525037551298738E-003;3.379661648068577E-004;
2.414666666666667E+009;1.678684204816818E-001;-5.014176294207573E-002;3.632896812632680E-003;1.622094277990982E-004;
2.414833333333334E+009;1.667554676532745E-001;-5.121951550245285E-002;3.517977194860578E-003;2.369016146985814E-004;
2.415000000000000E+009;1.655266284942627E-001;-5.219542607665062E-002;3.464953275397420E-003;2.585690344858449E-005;
2.415166666666667E+009;1.642848998308182E-001;-5.352461710572243E-002;3.514809999614954E-003;9.969805978471413E-005;
2.415333333333334E+009;1.631688326597214E-001;-5.487397685647011E-002;3.760056337341666E-003;3.150179691147059E-005;
2.415500000000000E+009;1.619705706834793E-001;-5.611278489232063E-002;3.686629468575120E-003;8.627185161458328E-005;
2.415666666666667E+009;1.608313769102097E-001;-5.746681615710259E-002;3.807829925790429E-003;1.924213029269595E-005;
2.415833333333334E+009;1.598341166973114E-001;-5.916960164904594E-002;3.992689773440361E-003;-1.006069214781746E-004;
2.416000000000000E+009;1.585362404584885E-001;-6.076994538307190E-002;3.988156560808420E-003;-6.875029066577554E-005;
2.416166666666667E+009;1.578454375267029E-001;-6.244063749909401E-002;4.123219754546881E-003;-2.128043706761673E-004;
2.416333333333334E+009;1.566385924816132E-001;-6.416302919387817E-002;4.308165516704321E-003;-2.267121599288657E-004;
2.416500000000000E+009;1.558259129524231E-001;-6.601389497518539E-002;4.346015397459269E-003;-4.656471428461373E-004;
2.416666666666667E+009;1.549169570207596E-001;-6.775186210870743E-002;4.340211860835552E-003;-6.508653168566525E-004;
2.416833333333334E+009;1.541423201560974E-001;-6.988877058029175E-002;4.513734020292759E-003;-8.668484515510500E-004;
2.417000000000000E+009;1.531981527805328E-001;-7.167587429285049E-002;4.459666088223457E-003;-1.063735457137227E-003;
2.417166666666667E+009;1.525176316499710E-001;-7.356663793325424E-002;4.462899174541235E-003;-1.046091085299850E-003;
2.417333333333334E+009;1.520005017518997E-001;-7.539309561252594E-002;4.588366951793432E-003;-1.276370370760560E-003;
2.417500000000000E+009;1.513431966304779E-001;-7.737091183662415E-002;4.562500864267349E-003;-1.576215028762817E-003;
2.417666666666667E+009;1.509481072425842E-001;-7.912588864564896E-002;4.507072269916534E-003;-1.755245612002909E-003;
2.417833333333334E+009;1.503961086273193E-001;-8.092077821493149E-002;4.731457680463791E-003;-1.942286500707269E-003;
2.418000000000000E+009;1.501013487577438E-001;-8.297224342823029E-002;4.599088802933693E-003;-2.127199666574597E-003;
2.418166666666667E+009;1.497716903686523E-001;-8.454918861389160E-002;4.640650935471058E-003;-2.369645051658154E-003;
2.418333333333334E+009;1.498356461524963E-001;-8.630713820457459E-002;4.500037524849176E-003;-2.656560158357024E-003;
2.418500000000000E+009;1.494059711694717E-001;-8.780808746814728E-002;4.333239980041981E-003;-2.924524014815688E-003;
2.418666666666667E+009;1.494831591844559E-001;-8.933118730783463E-002;4.180500283837318E-003;-3.142652101814747E-003;
2.418833333333334E+009;1.492244750261307E-001;-9.088905155658722E-002;4.052392672747374E-003;-3.489405149593949E-003;
2.419000000000000E+009;1.493062525987625E-001;-9.220870584249497E-002;3.892295761033893E-003;-3.569000400602818E-003;
2.419166666666667E+009;1.494305878877640E-001;-9.352407604455948E-002;3.664442570880055E-003;-3.800316480919719E-003;
2.419333333333334E+009;1.492837369441986E-001;-9.434518218040466E-002;3.419446060433984E-003;-3.909659571945667E-003;
2.419500000000000E+009;1.496678739786148E-001;-9.555412828922272E-002;3.350823651999235E-003;-4.049424082040787E-003;
2.419666666666667E+009;1.499298959970474E-001;-9.655125439167023E-002;3.167855786159635E-003;-4.264670424163342E-003;
2.419833333333334E+009;1.500709205865860E-001;-9.729541838169098E-002;2.826837357133627E-003;-4.470202606171370E-003;
2.420000000000000E+009;1.503008157014847E-001;-9.794756770133972E-002;2.726636361330748E-003;-4.460869356989861E-003;
2.420166666666667E+009;1.505055576562882E-001;-9.859560430049896E-002;2.553941681981087E-003;-4.514738917350769E-003;
2.420333333333334E+009;1.509619355201721E-001;-9.907702356576920E-002;2.269814256578684E-003;-4.685897380113602E-003;
2.420500000000000E+009;1.511072218418121E-001;-9.916534274816513E-002;1.993568381294608E-003;-4.633845295757055E-003;
2.420666666666667E+009;1.513453722000122E-001;-9.953231364488602E-002;1.829704851843417E-003;-4.707068204879761E-003;
2.420833333333334E+009;1.516399532556534E-001;-9.973545372486115E-002;1.507040578871965E-003;-4.712847992777824E-003;
2.421000000000000E+009;1.519512981176376E-001;-9.982963651418686E-002;1.472247182391584E-003;-4.817582666873932E-003;
2.421166666666667E+009;1.523344516754150E-001;-9.999515861272812E-002;1.300950767472386E-003;-4.861965309828520E-003;
2.421333333333334E+009;1.524456888437271E-001;-9.985568374395371E-002;1.043099677190185E-003;-4.929058253765106E-003;
2.421500000000000E+009;1.524154394865036E-001;-9.961852431297302E-002;9.573923889547586E-004;-4.921078681945801E-003;
2.421666666666667E+009;1.526238322257996E-001;-9.964091330766678E-002;6.673788884654641E-004;-4.830162972211838E-003;
2.421833333333334E+009;1.525943875312805E-001;-9.943894296884537E-002;4.564049304462969E-004;-4.862694069743156E-003;
2.422000000000000E+009;1.524001508951187E-001;-9.923380613327026E-002;3.418691048864275E-004;-4.807266872376204E-003;
2.422166666666667E+009;1.522311717271805E-001;-9.907831996679306E-002;3.482108695607167E-006;-4.805597010999918E-003;
2.422333333333334E+009;1.519557684659958E-001;-9.879442304372788E-002;-7.255841774167493E-005;-4.761059768497944E-003;
2.422500000000000E+009;1.514916718006134E-001;-9.827677160501480E-002;-5.545962267206051E-005;-4.739034455269575E-003;
2.422666666666667E+009;1.508550792932510E-001;-9.808354079723358E-002;-3.079523157794029E-004;-4.719434306025505E-003;
2.422833333333334E+009;1.502517163753510E-001;-9.793516993522644E-002;-4.215951776131988E-004;-4.754988942295313E-003;
2.423000000000000E+009;1.494771987199783E-001;-9.744998067617416E-002;-8.628108189441264E-004;-4.673555959016085E-003;
2.423166666666667E+009;1.485615521669388E-001;-9.720041602849960E-002;-9.027396445162594E-004;-4.424628335982561E-003;
2.423333333333334E+009;1.478808969259262E-001;-9.664151817560196E-002;-1.113527687266469E-003;-4.670682363212109E-003;
2.423500000000000E+009;1.467800438404083E-001;-9.651118516921997E-002;-1.309256535023451E-003;-4.493983928114176E-003;
2.423666666666667E+009;1.452306360006332E-001;-9.619360417127609E-002;-1.511471695266664E-003;-4.374288488179445E-003;
2.423833333333334E+009;1.443437337875366E-001;-9.583479166030884E-002;-1.679089386016130E-003;-4.138917196542025E-003;
2.424000000000000E+009;1.430746614933014E-001;-9.564348310232163E-002;-1.845916034653783E-003;-4.146420862525702E-003;
2.424166666666667E+009;1.416236013174057E-001;-9.555304050445557E-002;-1.948924385942519E-003;-3.870676737278700E-003;
2.424333333333334E+009;1.403723210096359E-001;-9.535633772611618E-002;-2.137270057573915E-003;-3.790800925344229E-003;
2.424500000000000E+009;1.390269845724106E-001;-9.543740749359131E-002;-2.059453632682562E-003;-3.600225551053882E-003;
2.424666666666667E+009;1.376796811819077E-001;-9.535814076662064E-002;-2.256094012409449E-003;-3.556642448529601E-003;
2.424833333333334E+009;1.360804289579392E-001;-9.561751037836075E-002;-2.369391499087215E-003;-3.162228269502521E-003;
2.425000000000000E+009;1.346418857574463E-001;-9.597758948802948E-002;-2.453606808558106E-003;-3.143520792946219E-003;
2.425166666666667E+009;1.330413371324539E-001;-9.624443948268890E-002;-2.479640766978264E-003;-2.898981096222997E-003;
2.425333333333334E+009;1.316406428813934E-001;-9.686977416276932E-002;-2.480781637132168E-003;-2.886535832658410E-003;
2.425500000000000E+009;1.303070485591888E-001;-9.733700007200241E-002;-2.318191807717085E-003;-2.663209103047848E-003;
2.425666666666667E+009;1.285907179117203E-001;-9.816313534975052E-002;-2.423208672553301E-003;-2.430366817861795E-003;
2.425833333333334E+009;1.271809488534927E-001;-9.907086938619614E-002;-2.342154039070010E-003;-2.436069771647453E-003;
2.426000000000000E+009;1.257165223360062E-001;-1.000821664929390E-001;-2.247644588351250E-003;-2.338122576475143E-003;
2.426166666666667E+009;1.245887055993080E-001;-1.011373102664948E-001;-2.327307593077421E-003;-2.159209689125419E-003;
2.426333333333334E+009;1.231523007154465E-001;-1.023460105061531E-001;-2.351093105971813E-003;-2.044551074504852E-003;
2.426500000000000E+009;1.219221130013466E-001;-1.035607606172562E-001;-2.171079628169537E-003;-2.106828382238746E-003;
2.426666666666667E+009;1.208381056785584E-001;-1.048490330576897E-001;-2.090421505272389E-003;-1.817880664020777E-003;
2.426833333333334E+009;1.196029558777809E-001;-1.063353717327118E-001;-1.968673896044493E-003;-1.789340632967651E-003;
2.427000000000000E+009;1.184327304363251E-001;-1.079709827899933E-001;-2.016977872699499E-003;-1.839799690060318E-003;
2.427166666666667E+009;1.174198165535927E-001;-1.093823090195656E-001;-2.056744415313005E-003;-1.965568168088794E-003;
2.427333333333334E+009;1.164614409208298E-001;-1.110873296856880E-001;-1.895349822007120E-003;-1.904178294353187E-003;
2.427500000000000E+009;1.157318651676178E-001;-1.127829402685165E-001;-1.992567675188184E-003;-1.981570385396481E-003;
2.427666666666667E+009;1.149387434124947E-001;-1.145355999469757E-001;-1.765826367773116E-003;-2.119492040947080E-003;
2.427833333333334E+009;1.141840890049934E-001;-1.162718012928963E-001;-1.963814953342080E-003;-2.088910201564431E-003;
2.428000000000000E+009;1.135929375886917E-001;-1.179889738559723E-001;-1.935342210344970E-003;-2.027746522799134E-003;
2.428166666666667E+009;1.131456419825554E-001;-1.198040321469307E-001;-1.909485203213990E-003;-2.168220467865467E-003;
2.428333333333334E+009;1.129408180713654E-001;-1.216502338647842E-001;-2.219293499365449E-003;-2.130412030965090E-003;
2.428500000000000E+009;1.125961318612099E-001;-1.231805607676506E-001;-2.162046497687697E-003;-2.357242628931999E-003;
2.428666666666667E+009;1.124390214681625E-001;-1.250482201576233E-001;-2.195133361965418E-003;-2.329698530957103E-003;
2.428833333333334E+009;1.121788099408150E-001;-1.265467852354050E-001;-2.372329123318195E-003;-2.328753937035799E-003;
2.429000000000000E+009;1.121872738003731E-001;-1.283451169729233E-001;-2.465919591486454E-003;-2.230984857305884E-003;
2.429166666666667E+009;1.122578009963036E-001;-1.297600567340851E-001;-2.602337393909693E-003;-2.238008426502347E-003;
2.429333333333334E+009;1.124715730547905E-001;-1.313749849796295E-001;-2.775398315861821E-003;-2.032687887549400E-003;
2.429500000000000E+009;1.125928312540054E-001;-1.328555196523666E-001;-2.892460441216826E-003;-1.934941858053207E-003;
2.429666666666667E+009;1.128560900688171E-001;-1.340573281049728E-001;-2.949488814920187E-003;-1.989115728065372E-003;
2.429833333333334E+009;1.131152436137199E-001;-1.351236402988434E-001;-3.199796658009291E-003;-1.881065662018955E-003;
2.430000000000000E+009;1.135648041963577E-001;-1.365491896867752E-001;-3.181882901117206E-003;-1.898679649457336E-003;
2.430166666666667E+009;1.139688640832901E-001;-1.377437114715576E-001;-3.256829455494881E-003;-1.772701158188283E-003;
2.430333333333334E+009;1.144461333751679E-001;-1.385920047760010E-001;-3.314383327960968E-003;-1.558370306156576E-003;
2.430500000000000E+009;1.147747039794922E-001;-1.393948644399643E-001;-3.433275502175093E-003;-1.445096218958497E-003;
2.430666666666667E+009;1.152646914124489E-001;-1.403502225875855E-001;-3.383125877007842E-003;-1.293469686061144E-003;
2.430833333333334E+009;1.158732548356056E-001;-1.410598009824753E-001;-3.370883176103234E-003;-1.131135155446827E-003;
2.431000000000000E+009;1.164343580603600E-001;-1.414912194013596E-001;-3.570856759324670E-003;-1.087529934011400E-003;
2.431166666666667E+009;1.168193593621254E-001;-1.421452015638351E-001;-3.496013116091490E-003;-9.294922929257155E-004;
2.431333333333334E+009;1.171113401651382E-001;-1.425625383853912E-001;-3.607558319345117E-003;-8.105498855002224E-004;
2.431500000000000E+009;1.175272688269615E-001;-1.429333388805389E-001;-3.673421451821923E-003;-6.575709558092058E-004;
2.431666666666667E+009;1.179391816258431E-001;-1.432291567325592E-001;-3.646966768428683E-003;-5.273212445899844E-004;
2.431833333333334E+009;1.180674210190773E-001;-1.435004472732544E-001;-3.509807866066694E-003;-4.150621534790844E-004;
2.432000000000000E+009;1.182055026292801E-001;-1.435436308383942E-001;-3.559611737728119E-003;-4.222249554004520E-004;
2.432166666666667E+009;1.182801052927971E-001;-1.433165073394775E-001;-3.764676628634334E-003;-2.472363703418523E-004;
2.432333333333334E+009;1.184196919202805E-001;-1.432052403688431E-001;-3.756824182346463E-003;-1.042290168697946E-004;
2.432500000000000E+009;1.184275746345520E-001;-1.431243270635605E-001;-3.645285498350859E-003;1.150144962593913E-004;
2.432666666666667E+009;1.182526051998138E-001;-1.428120285272598E-001;-3.718672553077340E-003;1.346295612165704E-004;
2.432833333333334E+009;1.182650402188301E-001;-1.427046358585358E-001;-3.692408325150609E-003;2.137142582796514E-004;
2.433000000000000E+009;1.180068030953407E-001;-1.421999037265778E-001;-3.738423110917211E-003;4.180860996711999E-004;
2.433166666666667E+009;1.175861135125160E-001;-1.417640894651413E-001;-3.528342815116048E-003;4.790105740539730E-004;
2.433333333333334E+009;1.173094213008881E-001;-1.412682086229324E-001;-3.627995960414410E-003;5.357437185011804E-004;
2.433500000000000E+009;1.167928352952004E-001;-1.409752368927002E-001;-3.673965577036142E-003;4.948647692799568E-004;
2.433666666666667E+009;1.164465844631195E-001;-1.405341774225235E-001;-3.685945412144065E-003;7.262164726853371E-004;
2.433833333333334E+009;1.155633479356766E-001;-1.400476843118668E-001;-3.671410260722041E-003;7.668951875530183E-004;
2.434000000000000E+009;1.150141656398773E-001;-1.397884637117386E-001;-3.732885932549834E-003;9.511734242551029E-004;
2.434166666666667E+009;1.140716895461083E-001;-1.393478959798813E-001;-3.586220787838101E-003;8.532757055945694E-004;
2.434333333333334E+009;1.131658330559731E-001;-1.389970630407333E-001;-3.467523725703359E-003;1.124879461713135E-003;
2.434500000000000E+009;1.124216914176941E-001;-1.385876387357712E-001;-3.650663187727332E-003;1.185685046948493E-003;
2.434666666666667E+009;1.112248972058296E-001;-1.385456770658493E-001;-3.689630189910531E-003;1.242658123373985E-003;
2.434833333333334E+009;1.100720539689064E-001;-1.383127272129059E-001;-3.604384139180183E-003;1.361625734716654E-003;
2.435000000000000E+009;1.090645119547844E-001;-1.382109820842743E-001;-3.499286249279976E-003;1.496241660788655E-003;
2.435166666666667E+009;1.076858788728714E-001;-1.382924467325211E-001;-3.450350370258093E-003;1.576409675180912E-003;
2.435333333333334E+009;1.062502190470696E-001;-1.383983492851257E-001;-3.576232353225350E-003;1.760699320584536E-003;
2.435500000000000E+009;1.049314960837364E-001;-1.385729908943176E-001;-3.427693853154779E-003;1.894145039841533E-003;
2.435666666666667E+009;1.035026460886002E-001;-1.387192755937576E-001;-3.431188175454736E-003;2.077501267194748E-003;
2.435833333333334E+009;1.020710691809654E-001;-1.389972418546677E-001;-3.365522716194391E-003;2.203503390774131E-003;
2.436000000000000E+009;1.004878506064415E-001;-1.394124031066895E-001;-3.477764781564474E-003;2.350544324144721E-003;
2.436166666666667E+009;9.875984489917755E-002;-1.398899555206299E-001;-3.200015518814325E-003;2.416616538539529E-003;
2.436333333333334E+009;9.728639572858810E-002;-1.404206603765488E-001;-3.135382197797298E-003;2.534104278311133E-003;
2.436500000000000E+009;9.568426012992859E-002;-1.410124003887177E-001;-3.102219197899103E-003;2.564324066042900E-003;
2.436666666666667E+009;9.413447231054306E-002;-1.418089419603348E-001;-2.777196001261473E-003;2.695862203836441E-003;
2.436833333333334E+009;9.250732511281967E-002;-1.424567550420761E-001;-2.668743021786213E-003;2.825116505846381E-003;
2.437000000000000E+009;9.097606688737869E-002;-1.432209014892578E-001;-2.720809541642666E-003;2.921501873061061E-003;
2.437166666666667E+009;8.960471302270889E-002;-1.443372964859009E-001;-2.477734815329313E-003;3.083956893533468E-003;
2.437333333333334E+009;8.786939084529877E-002;-1.450901031494141E-001;-2.510823309421539E-003;2.962782513350248E-003;
2.437500000000000E+009;8.672364056110382E-002;-1.460314989089966E-001;-2.400273457169533E-003;3.038256196305156E-003;
2.437666666666667E+009;8.524267375469208E-002;-1.470826715230942E-001;-2.457714406773448E-003;3.113988088443875E-003;
2.437833333333334E+009;8.421380817890167E-002;-1.478915661573410E-001;-2.255960833281279E-003;3.060303628444672E-003;
2.438000000000000E+009;8.303602039813995E-002;-1.490113884210587E-001;-2.085855230689049E-003;3.120645182207227E-003;
2.438166666666667E+009;8.189003169536591E-002;-1.502874642610550E-001;-2.034573815762997E-003;3.073992906138301E-003;
2.438333333333334E+009;8.078597486019135E-002;-1.510543227195740E-001;-2.046642359346151E-003;3.198672086000443E-003;
2.438500000000000E+009;8.017517626285553E-002;-1.522971838712692E-001;-1.965398667380214E-003;3.323263488709927E-003;
2.438666666666667E+009;7.928377389907837E-002;-1.535904258489609E-001;-1.947824377566576E-003;3.295135451480746E-003;
2.438833333333334E+009;7.852927595376968E-002;-1.545441448688507E-001;-1.882378128357232E-003;3.398391418159008E-003;
2.439000000000000E+009;7.808125019073486E-002;-1.558672338724136E-001;-1.766747445799410E-003;3.315348876640201E-003;
2.439166666666667E+009;7.764784991741180E-002;-1.569440662860870E-001;-1.705636270344257E-003;3.553272923454642E-003;
2.439333333333334E+009;7.697915285825729E-002;-1.581292450428009E-001;-1.397389103658497E-003;3.666546428576112E-003;
2.439500000000000E+009;7.660529762506485E-002;-1.592948436737061E-001;-1.377524808049202E-003;3.507736371830106E-003;
2.439666666666667E+009;7.628814876079559E-002;-1.601955145597458E-001;-1.505353022366762E-003;3.669140860438347E-003;
2.439833333333334E+009;7.600419968366623E-002;-1.612222045660019E-001;-1.260978053323925E-003;3.783999010920525E-003;
2.440000000000000E+009;7.565966248512268E-002;-1.622770577669144E-001;-1.159092411398888E-003;3.845439059659839E-003;
2.440166666666667E+009;7.536907494068146E-002;-1.633612364530563E-001;-1.077344757504761E-003;3.895190078765154E-003;
2.440333333333334E+009;7.521618157625198E-002;-1.642272770404816E-001;-1.020353403873742E-003;4.025415051728487E-003;
2.440500000000000E+009;7.508771121501923E-002;-1.650645434856415E-001;-7.974111940711737E-004;4.021622240543366E-003;
2.440666666666667E+009;7.496487349271774E-002;-1.657623797655106E-001;-5.547265755012631E-004;4.088169895112515E-003;
2.440833333333334E+009;7.467225193977356E-002;-1.666532158851624E-001;-4.381187027320266E-004;4.118527751415968E-003;
2.441000000000000E+009;7.456974685192108E-002;-1.668853163719177E-001;-2.398692886345089E-004;4.221950192004442E-003;
2.441166666666667E+009;7.425501197576523E-002;-1.675681173801422E-001;-2.921724517364055E-004;4.236483015120029E-003;
2.441333333333334E+009;7.430902868509293E-002;-1.677641570568085E-001;-2.624395528982859E-005;4.213558509945869E-003;
2.441500000000000E+009;7.422829419374466E-002;-1.680480241775513E-001;2.867077273549512E-005;4.255731124430895E-003;
2.441666666666667E+009;7.395760715007782E-002;-1.682679057121277E-001;1.391349214827642E-004;4.173858091235161E-003;
2.441833333333334E+009;7.381417602300644E-002;-1.685317009687424E-001;4.431701381690800E-004;4.152640234678984E-003;
2.442000000000000E+009;7.367178052663803E-002;-1.684733033180237E-001;3.642291703727096E-004;4.181494936347008E-003;
2.442166666666667E+009;7.352755218744278E-002;-1.683360785245895E-001;6.100317114032805E-004;4.162628669291735E-003;
2.442333333333334E+009;7.325614243745804E-002;-1.683285236358643E-001;6.320005632005632E-004;4.081537947058678E-003;
2.442500000000000E+009;7.295014709234238E-002;-1.679877936840057E-001;6.928478251211345E-004;4.161347635090351E-003;
2.442666666666667E+009;7.269053161144257E-002;-1.676975041627884E-001;9.437255794182420E-004;4.159758333116770E-003;
2.442833333333334E+009;7.245628535747528E-002;-1.674863249063492E-001;1.063313102349639E-003;4.051289521157742E-003;
2.443000000000000E+009;7.184721529483795E-002;-1.670356988906860E-001;1.288503641262651E-003;4.174740985035896E-003;
2.443166666666667E+009;7.146141678094864E-002;-1.667809039354324E-001;1.310442341491580E-003;4.111443180590868E-003;
2.443333333333334E+009;7.093694806098938E-002;-1.662706434726715E-001;1.438434817828238E-003;4.135218914598227E-003;
2.443500000000000E+009;7.045292854309082E-002;-1.657097935676575E-001;1.643936964683235E-003;3.985699731856585E-003;
2.443666666666667E+009;6.974747031927109E-002;-1.653535515069962E-001;1.744234119541943E-003;4.048970062285662E-003;
2.443833333333334E+009;6.910707801580429E-002;-1.649663448333740E-001;1.971401972696185E-003;4.111337475478649E-003;
2.444000000000000E+009;6.839061528444290E-002;-1.645561456680298E-001;2.048745052888989E-003;3.733284305781126E-003;
2.444166666666667E+009;6.738489121198654E-002;-1.642000675201416E-001;2.271859208121896E-003;3.926540259271860E-003;
2.444333333333334E+009;6.673553586006165E-002;-1.638497114181519E-001;2.261159243062139E-003;3.596516791731119E-003;
2.444500000000000E+009;6.560099124908447E-002;-1.635498851537705E-001;2.523294184356928E-003;3.521626349538565E-003;
2.444666666666667E+009;6.466525793075562E-002;-1.630845963954926E-001;2.602950902655721E-003;3.598372451961041E-003;
2.444833333333334E+009;6.353240460157394E-002;-1.627834290266037E-001;2.759184921160340E-003;3.624357981607318E-003;
2.445000000000000E+009;6.240072101354599E-002;-1.626221239566803E-001;2.892769407480955E-003;3.225766355171800E-003;
2.445166666666667E+009;6.101305410265923E-002;-1.624585241079330E-001;3.063080133870244E-003;3.226320957764983E-003;
2.445333333333334E+009;5.978192389011383E-002;-1.623212248086929E-001;3.073028288781643E-003;3.223165171220899E-003;
2.445500000000000E+009;5.832625925540924E-002;-1.622451543807983E-001;3.363100346177816E-003;3.116935025900602E-003;
2.445666666666667E+009;5.703774839639664E-002;-1.622669249773026E-001;3.265122184529901E-003;2.883867360651493E-003;
2.445833333333334E+009;5.537455156445503E-002;-1.624646335840225E-001;3.521648701280356E-003;2.787031698971987E-003;
2.446000000000000E+009;5.392557382583618E-002;-1.623977869749069E-001;3.687205724418163E-003;2.808788791298866E-003;
2.446166666666667E+009;5.247884616255760E-002;-1.629313826560974E-001;3.712774720042944E-003;2.589033450931311E-003;
2.446333333333334E+009;5.078279227018356E-002;-1.631319671869278E-001;3.774198703467846E-003;2.544120186939836E-003;
2.446500000000000E+009;4.929594323039055E-002;-1.633630245923996E-001;3.840990364551544E-003;2.386259613558650E-003;
2.446666666666667E+009;4.754443094134331E-002;-1.637497693300247E-001;4.009646363556385E-003;2.165453508496285E-003;
2.446833333333334E+009;4.629301279783249E-002;-1.641582250595093E-001;3.955550491809845E-003;2.026353962719441E-003;
2.447000000000000E+009;4.438384994864464E-002;-1.646133512258530E-001;3.946838900446892E-003;1.984980888664722E-003;
2.447166666666667E+009;4.291207715868950E-002;-1.651311516761780E-001;4.053994547575712E-003;1.831659115850925E-003;
2.447333333333334E+009;4.152704775333405E-002;-1.656757295131683E-001;4.384095780551434E-003;1.567918574437499E-003;
2.447500000000000E+009;4.008974134922028E-002;-1.662827581167221E-001;4.301044624298811E-003;1.330692553892732E-003;
2.447666666666667E+009;3.875721618533135E-002;-1.669612675905228E-001;4.193995147943497E-003;1.137957442551851E-003;
2.447833333333334E+009;3.740467503666878E-002;-1.679520159959793E-001;4.224809817969799E-003;1.057229121215642E-003;
2.448000000000000E+009;3.624762594699860E-002;-1.686366349458695E-001;4.176591988652945E-003;1.077881432138383E-003;
2.448166666666667E+009;3.497917950153351E-002;-1.695507764816284E-001;4.230362828820944E-003;7.794552948325872E-004;
2.448333333333334E+009;3.392344340682030E-002;-1.702583879232407E-001;4.185356665402651E-003;6.584596703760326E-004;
2.448500000000000E+009;3.310179337859154E-002;-1.712931245565414E-001;4.185942467302084E-003;3.385113668628037E-004;
2.448666666666667E+009;3.185627236962318E-002;-1.721644699573517E-001;4.053418524563313E-003;3.683651448227465E-004;
2.448833333333334E+009;3.085915371775627E-002;-1.732065826654434E-001;4.169754683971405E-003;2.267435338580981E-004;
2.449000000000000E+009;3.006309084594250E-002;-1.740844100713730E-001;4.261979367583990E-003;1.471175637561828E-004;
2.449166666666667E+009;2.920132875442505E-002;-1.750420033931732E-001;3.984073176980019E-003;5.691665865015239E-005;
2.449333333333334E+009;2.849150449037552E-002;-1.759777069091797E-001;3.966810181736946E-003;-2.166029880754650E-004;
2.449500000000000E+009;2.775104343891144E-002;-1.769375056028366E-001;3.958446439355612E-003;-3.754167119041085E-004;
2.449666666666667E+009;2.711578272283077E-002;-1.779971122741699E-001;3.924665041267872E-003;-5.078923422843218E-004;
2.449833333333334E+009;2.637904509902000E-002;-1.788111627101898E-001;3.870158223435283E-003;-5.148777854628861E-004;
2.450000000000000E+009;2.570895478129387E-002;-1.796768605709076E-001;3.896259702742100E-003;-6.542220362462103E-004;
2.450166666666667E+009;2.516726404428482E-002;-1.805344372987747E-001;3.897906048223376E-003;-8.429260924458504E-004;
2.450333333333334E+009;2.466530539095402E-002;-1.811820715665817E-001;3.682539099827409E-003;-9.593606228008866E-004;
2.450500000000000E+009;2.417910471558571E-002;-1.816861331462860E-001;3.709625219926238E-003;-1.019684015773237E-003;
2.450666666666667E+009;2.378794923424721E-002;-1.823394745588303E-001;3.545990679413080E-003;-1.157807884737849E-003;
2.450833333333334E+009;2.312155626714230E-002;-1.827221214771271E-001;3.602777607738972E-003;-1.362995826639235E-003;
2.451000000000000E+009;2.295343205332756E-002;-1.830605566501617E-001;3.475428558886051E-003;-1.327441888861358E-003;
2.451166666666667E+009;2.250423654913902E-002;-1.835750788450241E-001;3.390453057363629E-003;-1.566075836308301E-003;
2.451333333333334E+009;2.221895940601826E-002;-1.838815808296204E-001;3.355868859216571E-003;-1.677354448474944E-003;
2.451500000000000E+009;2.195762656629086E-002;-1.840183585882187E-001;3.226596396416426E-003;-1.696822117082775E-003;
2.451666666666667E+009;2.139711752533913E-002;-1.839605420827866E-001;3.263629972934723E-003;-1.686311792582274E-003;
2.451833333333334E+009;2.118765562772751E-002;-1.839821338653565E-001;2.971326000988483E-003;-1.941414317116141E-003;
2.452000000000000E+009;2.098168432712555E-002;-1.841731220483780E-001;3.017085371538997E-003;-1.932961633428931E-003;
2.452166666666667E+009;2.058130502700806E-002;-1.840643882751465E-001;2.797910245135427E-003;-1.993234502151609E-003;
2.452333333333334E+009;2.022386156022549E-002;-1.840127855539322E-001;2.926644170656800E-003;-2.028167713433504E-003;
2.452500000000000E+009;1.993293128907681E-002;-1.839952766895294E-001;2.793703693896532E-003;-2.157466951757669E-003;
2.452666666666667E+009;1.948354765772820E-002;-1.835942715406418E-001;2.572012366726995E-003;-2.101268386468291E-003;
2.452833333333334E+009;1.890424452722073E-002;-1.834580004215241E-001;2.654596231877804E-003;-2.223111456260085E-003;
2.453000000000000E+009;1.845271512866020E-002;-1.831883639097214E-001;2.491123741492629E-003;-2.362668747082353E-003;
2.453166666666667E+009;1.793259941041470E-002;-1.830460280179977E-001;2.435046480968595E-003;-2.459932351484895E-003;
2.453333333333334E+009;1.732545159757137E-002;-1.826472580432892E-001;2.343609463423491E-003;-2.467031590640545E-003;
2.453500000000000E+009;1.666188053786755E-002;-1.823782473802567E-001;2.272568643093109E-003;-2.461321651935577E-003;
2.453666666666667E+009;1.589738205075264E-002;-1.819480955600739E-001;2.001873916015029E-003;-2.527444157749414E-003;
2.453833333333334E+009;1.521936245262623E-002;-1.816463321447372E-001;2.180935349315405E-003;-2.528536831960082E-003;
2.454000000000000E+009;1.424730569124222E-002;-1.810661256313324E-001;2.026422414928675E-003;-2.667597262188792E-003;
2.454166666666667E+009;1.330392528325319E-002;-1.808986067771912E-001;1.974503509700298E-003;-2.644457155838609E-003;
2.454333333333334E+009;1.237771380692720E-002;-1.803969442844391E-001;2.050142036750913E-003;-2.606068737804890E-003;
2.454500000000000E+009;1.118182856589556E-002;-1.801514327526093E-001;1.782582141458988E-003;-2.626477740705013E-003;
2.454666666666667E+009;1.035337429493666E-002;-1.797410398721695E-001;1.722464221529663E-003;-2.622342901304364E-003;
2.454833333333334E+009;9.064747020602226E-003;-1.792826503515244E-001;1.409610733389854E-003;-2.716148970648646E-003;
2.455000000000000E+009;7.884553633630276E-003;-1.791474372148514E-001;1.373172155581415E-003;-2.853225683793426E-003;
2.455166666666667E+009;6.605905015021563E-003;-1.787524968385696E-001;1.394432038068771E-003;-2.782810479402542E-003;
2.455333333333334E+009;5.402442999184132E-003;-1.784138977527618E-001;1.384460716508329E-003;-2.853975864127278E-003;
2.455500000000000E+009;3.961674869060516E-003;-1.782923191785812E-001;1.263618236407638E-003;-2.811559243127704E-003;
2.455666666666667E+009;2.597074024379253E-003;-1.779757738113403E-001;1.095224521122873E-003;-2.755639841780067E-003;
2.455833333333334E+009;1.265572849661112E-003;-1.778690516948700E-001;1.144265290349722E-003;-2.855185884982348E-003;
2.456000000000000E+009;-3.012141387443990E-004;-1.775130778551102E-001;1.043748809024692E-003;-2.906761132180691E-003;
2.456166666666667E+009;-1.664344454184175E-003;-1.774885952472687E-001;7.592657930217683E-004;-2.763359574601054E-003;
2.456333333333334E+009;-3.041755408048630E-003;-1.774677634239197E-001;8.177043637260795E-004;-2.833063947036862E-003;
2.456500000000000E+009;-4.702849779278040E-003;-1.774594634771347E-001;5.736825987696648E-004;-2.806060016155243E-003;
2.456666666666667E+009;-6.334416102617979E-003;-1.774763017892838E-001;5.733745638281107E-004;-2.927939174696803E-003;
2.456833333333334E+009;-7.501814514398575E-003;-1.773528456687927E-001;5.236295983195305E-004;-2.800927031785250E-003;
2.457000000000000E+009;-9.086175821721554E-003;-1.775398701429367E-001;5.759672494605184E-004;-2.827468561008573E-003;
2.457166666666667E+009;-1.047625113278627E-002;-1.776873916387558E-001;3.152230347041041E-004;-2.636332064867020E-003;
2.457333333333334E+009;-1.166750025004149E-002;-1.777218282222748E-001;3.683742543216795E-004;-2.809949219226837E-003;
2.457500000000000E+009;-1.329152844846249E-002;-1.777824014425278E-001;2.510990307200700E-004;-2.724216319620609E-003;
2.457666666666667E+009;-1.428948994725943E-002;-1.780160516500473E-001;2.352064911974594E-004;-2.510108286514878E-003;
2.457833333333334E+009;-1.581060513854027E-002;-1.782961338758469E-001;6.449166539823636E-005;-2.596585778519511E-003;
2.458000000000000E+009;-1.679925248026848E-002;-1.783516108989716E-001;6.286788993747905E-005;-2.565348055213690E-003;
2.458166666666667E+009;-1.818546280264854E-002;-1.789099723100662E-001;1.183327040052973E-004;-2.395706716924906E-003;
2.458333333333334E+009;-1.920324563980103E-002;-1.792263984680176E-001;-2.018113627855200E-005;-2.435855567455292E-003;
2.458500000000000E+009;-2.020043507218361E-002;-1.792699098587036E-001;1.431468554073945E-004;-2.449717605486512E-003;
2.458666666666667E+009;-2.112098224461079E-002;-1.795681715011597E-001;1.110088269342668E-004;-2.310954499989748E-003;
2.458833333333334E+009;-2.202014625072479E-002;-1.796898394823074E-001;1.112127392843831E-005;-2.350569935515523E-003;
2.459000000000000E+009;-2.298204973340035E-002;-1.800541579723358E-001;9.095591667573899E-005;-2.499935915693641E-003;
2.459166666666667E+009;-2.385913208127022E-002;-1.802584379911423E-001;-1.469908602302894E-005;-2.336528385058045E-003;
2.459333333333334E+009;-2.448767796158791E-002;-1.801442056894302E-001;7.109846592356917E-006;-2.366872970014811E-003;
2.459500000000000E+009;-2.512949891388416E-002;-1.804134100675583E-001;-7.263164661708288E-006;-2.430968685075641E-003;
2.459666666666667E+009;-2.602383866906166E-002;-1.806522011756897E-001;-4.930970681016333E-005;-2.396554686129093E-003;
2.459833333333334E+009;-2.650916390120983E-002;-1.806709766387940E-001;-3.237431155866943E-005;-2.526569413021207E-003;
2.460000000000000E+009;-2.693535014986992E-002;-1.806432604789734E-001;-1.267623338208068E-005;-2.587437862530351E-003;
2.460166666666667E+009;-2.761438861489296E-002;-1.805407255887985E-001;-5.334097659215331E-005;-2.559003653004766E-003;
2.460333333333334E+009;-2.788312546908855E-002;-1.804554015398026E-001;-7.947222911752760E-005;-2.511620521545410E-003;
2.460500000000000E+009;-2.834564633667469E-002;-1.805354952812195E-001;-1.224271691171452E-004;-2.618076978251338E-003;
2.460666666666667E+009;-2.896504290401936E-002;-1.801008880138397E-001;-2.585964393801987E-004;-2.635541837662458E-003;
2.460833333333334E+009;-2.934688515961170E-002;-1.795437484979630E-001;-4.571290919557214E-004;-2.639853861182928E-003;
2.461000000000000E+009;-2.981631457805634E-002;-1.794079989194870E-001;-3.217943594790995E-004;-2.697444753721356E-003;
2.461166666666667E+009;-2.971785515546799E-002;-1.789756417274475E-001;-4.416027222760022E-004;-2.687111031264067E-003;
2.461333333333334E+009;-3.044174239039421E-002;-1.783362329006195E-001;-5.166432238183916E-004;-2.743859076872468E-003;
2.461500000000000E+009;-3.055229410529137E-002;-1.779323816299439E-001;-6.230848957784474E-004;-2.742879558354616E-003;
2.461666666666667E+009;-3.118018247187138E-002;-1.776290237903595E-001;-6.204115343280137E-004;-2.623038599267602E-003;
2.461833333333334E+009;-3.158724680542946E-002;-1.770044118165970E-001;-6.454802351072431E-004;-2.688833279535174E-003;
2.462000000000000E+009;-3.186278045177460E-002;-1.761973500251770E-001;-8.672219701111317E-004;-2.653203904628754E-003;
2.462166666666667E+009;-3.248347714543343E-002;-1.757755130529404E-001;-8.211486274376512E-004;-2.589919837191701E-003;
2.462333333333334E+009;-3.307434543967247E-002;-1.751892417669296E-001;-9.667751146480441E-004;-2.748786704614759E-003;
2.462500000000000E+009;-3.352785483002663E-002;-1.744948774576187E-001;-1.029502134770155E-003;-2.780874958261848E-003;
2.462666666666667E+009;-3.423358872532845E-002;-1.737846881151199E-001;-9.273750474676490E-004;-2.615450881421566E-003;
2.462833333333334E+009;-3.517316654324532E-002;-1.728370189666748E-001;-1.123346155509353E-003;-2.591615542769432E-003;
2.463000000000000E+009;-3.584524616599083E-002;-1.720227152109146E-001;-1.226345077157021E-003;-2.821194473654032E-003;
2.463166666666667E+009;-3.676007315516472E-002;-1.712448596954346E-001;-1.279240357689560E-003;-2.797927940264344E-003;
2.463333333333334E+009;-3.780354931950569E-002;-1.704855412244797E-001;-1.490913098677993E-003;-2.657474717125297E-003;
2.463500000000000E+009;-3.906431049108505E-002;-1.694886386394501E-001;-1.559656695462763E-003;-2.641028724610806E-003;
2.463666666666667E+009;-4.021088033914566E-002;-1.689041703939438E-001;-1.554086222313345E-003;-2.639714162796736E-003;
2.463833333333334E+009;-4.152684286236763E-002;-1.678839027881622E-001;-1.672846381552517E-003;-2.646188018843532E-003;
2.464000000000000E+009;-4.284330829977989E-002;-1.670124828815460E-001;-1.795647433027625E-003;-2.626950852572918E-003;
2.464166666666667E+009;-4.412079602479935E-002;-1.661426275968552E-001;-1.985704293474555E-003;-2.566556911915541E-003;
2.464333333333334E+009;-4.577249661087990E-002;-1.651250123977661E-001;-1.984740840271115E-003;-2.553746337071061E-003;
2.464500000000000E+009;-4.736222699284554E-002;-1.644490212202072E-001;-2.121313707903028E-003;-2.406139159575105E-003;
2.464666666666667E+009;-4.911414906382561E-002;-1.633587181568146E-001;-2.125293947756290E-003;-2.350130584090948E-003;
2.464833333333334E+009;-5.068397521972656E-002;-1.628085225820541E-001;-2.280638320371509E-003;-2.175931818783283E-003;
2.465000000000000E+009;-5.246167257428169E-002;-1.619749665260315E-001;-2.212505787611008E-003;-2.231681020930409E-003;
2.465166666666667E+009;-5.442380532622337E-002;-1.612016111612320E-001;-2.330744639039040E-003;-2.152157016098499E-003;
2.465333333333334E+009;-5.615839362144470E-002;-1.605339050292969E-001;-2.355167176574469E-003;-2.130342880263925E-003;
2.465500000000000E+009;-5.781520530581474E-002;-1.599316000938416E-001;-2.460873452946544E-003;-1.964461291208863E-003;
2.465666666666667E+009;-5.988951399922371E-002;-1.593442857265472E-001;-2.433505142107606E-003;-1.935393200255930E-003;
2.465833333333334E+009;-6.188138574361801E-002;-1.588227152824402E-001;-2.485044766217470E-003;-1.805866253562272E-003;
2.466000000000000E+009;-6.346354633569717E-002;-1.584146916866303E-001;-2.495232038199902E-003;-1.852712128311396E-003;
2.466166666666667E+009;-6.532273441553116E-002;-1.580347865819931E-001;-2.596592064946890E-003;-1.802688580937684E-003;
2.466333333333334E+009;-6.734766066074371E-002;-1.578722447156906E-001;-2.438352908939123E-003;-1.719154533930123E-003;
2.466500000000000E+009;-6.928056478500366E-002;-1.577510088682175E-001;-2.616492798551917E-003;-1.763676176778972E-003;
2.466666666666667E+009;-7.091832160949707E-002;-1.576222628355026E-001;-2.623768756166101E-003;-1.628182595595717E-003;
2.466833333333334E+009;-7.254210859537125E-002;-1.575976610183716E-001;-2.687632804736495E-003;-1.517294556833804E-003;
2.467000000000000E+009;-7.420339435338974E-002;-1.575131565332413E-001;-2.559548011049628E-003;-1.629636040888727E-003;
2.467166666666667E+009;-7.603635638952255E-002;-1.576978117227554E-001;-2.827951218932867E-003;-1.612746389582753E-003;
2.467333333333334E+009;-7.762118428945541E-002;-1.580895781517029E-001;-2.791249658912420E-003;-1.568931038491428E-003;
2.467500000000000E+009;-7.896351069211960E-002;-1.583503931760788E-001;-2.794546307995915E-003;-1.569796702824533E-003;
2.467666666666667E+009;-8.041754364967346E-002;-1.584789007902145E-001;-2.812818856909871E-003;-1.533939503133297E-003;
2.467833333333334E+009;-8.181247860193253E-002;-1.588612794876099E-001;-2.954126568511128E-003;-1.531991991214454E-003;
2.468000000000000E+009;-8.301033079624176E-002;-1.595997661352158E-001;-3.060407936573029E-003;-1.568154781125486E-003;
2.468166666666667E+009;-8.426189422607422E-002;-1.600203663110733E-001;-2.990814857184887E-003;-1.472854055464268E-003;
2.468333333333334E+009;-8.543182164430618E-002;-1.604088693857193E-001;-3.134365193545818E-003;-1.509559457190335E-003;
2.468500000000000E+009;-8.648521453142166E-002;-1.608361750841141E-001;-3.168253926560283E-003;-1.454744837246835E-003;
2.468666666666667E+009;-8.737924695014954E-002;-1.612600386142731E-001;-3.464662004262209E-003;-1.361912232823670E-003;
2.468833333333334E+009;-8.826035261154175E-002;-1.617765724658966E-001;-3.480418352410197E-003;-1.373226172290742E-003;
2.469000000000000E+009;-8.885427564382553E-002;-1.623060107231140E-001;-3.544413018971682E-003;-1.243996550329030E-003;
2.469166666666667E+009;-8.953086286783218E-002;-1.627981960773468E-001;-3.716145874932408E-003;-1.303530996665359E-003;
2.469333333333334E+009;-8.995673805475235E-002;-1.630254089832306E-001;-3.747687209397554E-003;-1.120442408137023E-003;
2.469500000000000E+009;-9.039013087749481E-002;-1.633796244859695E-001;-3.897830843925476E-003;-9.918551659211516E-004;
2.469666666666667E+009;-9.086125344038010E-002;-1.636800169944763E-001;-4.066128749400377E-003;-8.933137287385762E-004;
2.469833333333334E+009;-9.120400995016098E-002;-1.641668677330017E-001;-4.154907073825598E-003;-8.920904947444797E-004;
2.470000000000000E+009;-9.144480526447296E-002;-1.642656773328781E-001;-4.343755077570677E-003;-6.760127143934369E-004;
2.470166666666667E+009;-9.132894873619080E-002;-1.645190864801407E-001;-4.433489404618740E-003;-5.361544899642468E-004;
2.470333333333334E+009;-9.143222123384476E-002;-1.645086556673050E-001;-4.470275714993477E-003;-2.525975578464568E-004;
2.470500000000000E+009;-9.148640185594559E-002;-1.645595580339432E-001;-4.502802621573210E-003;-2.870154858101159E-004;
2.470666666666667E+009;-9.139639139175415E-002;-1.646307706832886E-001;-4.622488282620907E-003;-3.076476423302665E-005;
2.470833333333334E+009;-9.153062105178833E-002;-1.645714789628983E-001;-4.682741593569517E-003;1.970913726836443E-004;
2.471000000000000E+009;-9.134232997894287E-002;-1.641917079687119E-001;-4.576064646244049E-003;3.223402309231460E-004;
2.471166666666667E+009;-9.134104102849960E-002;-1.637428402900696E-001;-4.870932083576918E-003;5.104267038404942E-004;
2.471333333333334E+009;-9.138061851263046E-002;-1.634555011987686E-001;-4.886849317699671E-003;7.174873608164489E-004;
2.471500000000000E+009;-9.133792668581009E-002;-1.629258841276169E-001;-4.976643249392510E-003;8.202508906833828E-004;
2.471666666666667E+009;-9.101440012454987E-002;-1.620685905218124E-001;-4.794351290911436E-003;1.097471104003489E-003;
2.471833333333334E+009;-9.099721163511276E-002;-1.612693965435028E-001;-4.903753753751516E-003;1.376997912302613E-003;
2.472000000000000E+009;-9.087964892387390E-002;-1.604273766279221E-001;-4.988953936845064E-003;1.586118247359991E-003;
2.472166666666667E+009;-9.107021242380142E-002;-1.594797223806381E-001;-5.002967081964016E-003;1.664007198996842E-003;
2.472333333333334E+009;-9.109479188919067E-002;-1.583773642778397E-001;-4.994113463908434E-003;2.007724717259407E-003;
2.472500000000000E+009;-9.104205667972565E-002;-1.569860279560089E-001;-4.972024355083704E-003;2.257297514006496E-003;
2.472666666666667E+009;-9.102936834096909E-002;-1.556486487388611E-001;-5.015515722334385E-003;2.456519287079573E-003;
2.472833333333334E+009;-9.134354442358017E-002;-1.541962027549744E-001;-4.853958263993263E-003;2.722767414525151E-003;
2.473000000000000E+009;-9.130252152681351E-002;-1.527665108442307E-001;-4.825954791158438E-003;3.023136639967561E-003;
2.473166666666667E+009;-9.207065403461456E-002;-1.510117799043655E-001;-4.812432918697596E-003;3.338544163852930E-003;
2.473333333333334E+009;-9.214035421609879E-002;-1.493190973997116E-001;-4.643444903194904E-003;3.570366417989135E-003;
2.473500000000000E+009;-9.286901354789734E-002;-1.475352793931961E-001;-4.702777136117220E-003;3.856697352603078E-003;
2.473666666666667E+009;-9.341744333505631E-002;-1.456935256719589E-001;-4.380580037832260E-003;4.091590642929077E-003;
2.473833333333334E+009;-9.396501630544663E-002;-1.438203603029251E-001;-4.337973427027464E-003;4.403505474328995E-003;
2.474000000000000E+009;-9.469257295131683E-002;-1.420273631811142E-001;-4.135339055210352E-003;4.678723402321339E-003;
2.474166666666667E+009;-9.547135978937149E-002;-1.399471312761307E-001;-3.856793278828263E-003;4.950555507093668E-003;
2.474333333333334E+009;-9.639991074800491E-002;-1.378817260265350E-001;-3.638511057943106E-003;5.194755736738443E-003;
2.474500000000000E+009;-9.755806624889374E-002;-1.360355615615845E-001;-3.271297551691532E-003;5.320957861840725E-003;
2.474666666666667E+009;-9.848394989967346E-002;-1.340536922216415E-001;-3.010284388437867E-003;5.556731484830380E-003;
2.474833333333334E+009;-9.970597177743912E-002;-1.321600526571274E-001;-2.580315340310335E-003;5.534003023058176E-003;
2.475000000000000E+009;-1.009375303983688E-001;-1.300609558820725E-001;-2.347250469028950E-003;5.719828419387341E-003;
2.475166666666667E+009;-1.023880764842033E-001;-1.283901333808899E-001;-1.860075746662915E-003;5.691312253475189E-003;
2.475333333333334E+009;-1.035052910447121E-001;-1.265041828155518E-001;-1.740391599014401E-003;5.798340309411287E-003;
2.475500000000000E+009;-1.051619648933411E-001;-1.247711181640625E-001;-1.378553337417543E-003;5.900564137846232E-003;
2.475666666666667E+009;-1.066313162446022E-001;-1.232553124427795E-001;-1.174037926830351E-003;5.597728770226240E-003;
2.475833333333334E+009;-1.082667931914330E-001;-1.216686889529228E-001;-7.635757210664451E-004;5.616704002022743E-003;
2.476000000000000E+009;-1.097611114382744E-001;-1.201260685920715E-001;-6.464659236371517E-004;5.744987633079290E-003;
2.476166666666667E+009;-1.116562709212303E-001;-1.188416332006455E-001;-5.114167579449713E-004;5.376525688916445E-003;
2.476333333333334E+009;-1.135337501764298E-001;-1.176081597805023E-001;-2.951638307422400E-004;5.351774394512177E-003;
2.476500000000000E+009;-1.153029575943947E-001;-1.163472682237625E-001;-6.928281072760001E-005;5.354864522814751E-003;
2.476666666666667E+009;-1.170923039317131E-001;-1.155113950371742E-001;1.448889815947041E-004;5.319839343428612E-003;
2.476833333333334E+009;-1.191083416342735E-001;-1.143701672554016E-001;4.789261220139451E-005;5.081092938780785E-003;
2.477000000000000E+009;-1.210983097553253E-001;-1.137079149484634E-001;2.723708748817444E-004;5.046647973358631E-003;
2.477166666666667E+009;-1.230004280805588E-001;-1.130250170826912E-001;3.531486436259002E-004;5.011322908103466E-003;
2.477333333333334E+009;-1.248345822095871E-001;-1.123154312372208E-001;5.329453269951046E-004;4.854018799960613E-003;
2.477500000000000E+009;-1.269093155860901E-001;-1.116742789745331E-001;4.689850320573896E-004;5.047425627708435E-003;
2.477666666666667E+009;-1.289291530847549E-001;-1.113275215029717E-001;6.653729942627251E-004;4.888556431978941E-003;
2.477833333333334E+009;-1.307808607816696E-001;-1.109218224883080E-001;7.634029607288539E-004;4.969330504536629E-003;
2.478000000000000E+009;-1.325025558471680E-001;-1.107233390212059E-001;8.161722798831761E-004;4.768808837980032E-003;
2.478166666666667E+009;-1.343331485986710E-001;-1.105892509222031E-001;1.047397148795426E-003;4.740303382277489E-003;
2.478333333333334E+009;-1.359263509511948E-001;-1.102756261825562E-001;1.136142294853926E-003;4.824311938136816E-003;
2.478500000000000E+009;-1.375354230403900E-001;-1.101832836866379E-001;1.062287949025631E-003;4.691259935498238E-003;
2.478666666666667E+009;-1.391049921512604E-001;-1.100765094161034E-001;1.099259476177394E-003;4.658708814531565E-003;
2.478833333333334E+009;-1.404815167188644E-001;-1.101752892136574E-001;1.452249358408153E-003;4.698363598436117E-003;
2.479000000000000E+009;-1.416698247194290E-001;-1.101009324193001E-001;1.285820384509862E-003;4.737373907119036E-003;
2.479166666666667E+009;-1.427806913852692E-001;-1.102060079574585E-001;1.610998180694878E-003;4.714074078947306E-003;
2.479333333333334E+009;-1.438780874013901E-001;-1.099514067173004E-001;1.615065382793546E-003;4.701368045061827E-003;
2.479500000000000E+009;-1.447450518608093E-001;-1.103623434901238E-001;1.742585562169552E-003;4.680081736296415E-003;
2.479666666666667E+009;-1.454711258411408E-001;-1.103142648935318E-001;1.851490116678178E-003;4.688096232712269E-003;
2.479833333333334E+009;-1.461213678121567E-001;-1.103190332651138E-001;1.865164842456579E-003;4.566119518131018E-003;
2.480000000000000E+009;-1.467332094907761E-001;-1.104879751801491E-001;2.153825713321567E-003;4.529466386884451E-003;
2.480166666666667E+009;-1.471002101898193E-001;-1.104800254106522E-001;2.176603302359581E-003;4.619798623025417E-003;
2.480333333333334E+009;-1.472777128219605E-001;-1.104715019464493E-001;2.200485439971089E-003;4.482734948396683E-003;
2.480500000000000E+009;-1.475397497415543E-001;-1.102838739752770E-001;2.473365282639861E-003;4.658667370676994E-003;
2.480666666666667E+009;-1.474520713090897E-001;-1.103056371212006E-001;2.621478633955121E-003;4.623745102435350E-003;
2.480833333333334E+009;-1.476612836122513E-001;-1.099204719066620E-001;2.769132843241096E-003;4.445601720362902E-003;
2.481000000000000E+009;-1.474142670631409E-001;-1.095414310693741E-001;2.973667811602354E-003;4.527019336819649E-003;
2.481166666666667E+009;-1.473433971405029E-001;-1.093385517597199E-001;3.093081992119551E-003;4.499406553804874E-003;
2.481333333333334E+009;-1.469336897134781E-001;-1.090102791786194E-001;3.335701534524560E-003;4.426672589033842E-003;
2.481500000000000E+009;-1.466664969921112E-001;-1.086428761482239E-001;3.503702813759446E-003;4.388849716633558E-003;
2.481666666666667E+009;-1.460436880588532E-001;-1.080320701003075E-001;3.638646099716425E-003;4.410353489220142E-003;
2.481833333333334E+009;-1.456999778747559E-001;-1.073479428887367E-001;3.863238031044602E-003;4.254471044987440E-003;
2.482000000000000E+009;-1.453085541725159E-001;-1.064076423645020E-001;3.966452088207007E-003;4.219410009682179E-003;
2.482166666666667E+009;-1.448288708925247E-001;-1.056202948093414E-001;4.183211829513311E-003;3.920668270438910E-003;
2.482333333333334E+009;-1.442343294620514E-001;-1.048421040177345E-001;4.494405351579189E-003;3.948202822357416E-003;
2.482500000000000E+009;-1.436679810285568E-001;-1.037989482283592E-001;4.670964088290930E-003;3.781845793128014E-003;
2.482666666666667E+009;-1.432348489761353E-001;-1.025766581296921E-001;4.938142839819193E-003;3.662298200652003E-003;
2.482833333333334E+009;-1.425742655992508E-001;-1.014433950185776E-001;5.070847459137440E-003;3.472755895927548E-003;
2.483000000000000E+009;-1.422781944274902E-001;-1.000822782516480E-001;5.258706863969564E-003;3.310230560600758E-003;
2.483166666666667E+009;-1.416889727115631E-001;-9.855128079652786E-002;5.536579526960850E-003;3.084270283579826E-003;
2.483333333333334E+009;-1.413503140211105E-001;-9.694907069206238E-002;5.798991303890944E-003;2.816997002810240E-003;
2.483500000000000E+009;-1.409644484519959E-001;-9.557928144931793E-002;5.957509391009808E-003;2.722189761698246E-003;
2.483666666666667E+009;-1.405568867921829E-001;-9.359925240278244E-002;6.064410321414471E-003;2.381975995376706E-003;
2.483833333333334E+009;-1.404012739658356E-001;-9.192560613155365E-002;6.312780082225800E-003;2.250970108434558E-003;
2.484000000000000E+009;-1.399380564689636E-001;-8.991063386201859E-002;6.350903306156397E-003;2.039115410298109E-003;
2.484166666666667E+009;-1.398465931415558E-001;-8.783629536628723E-002;6.563678849488497E-003;1.743662636727095E-003;
2.484333333333334E+009;-1.397887170314789E-001;-8.606568723917007E-002;6.814999040216208E-003;1.254589762538672E-003;
2.484500000000000E+009;-1.396653801202774E-001;-8.388327807188034E-002;6.915227510035038E-003;1.042136573232710E-003;
2.484666666666667E+009;-1.396676003932953E-001;-8.189973980188370E-002;6.990297697484493E-003;6.030072690919042E-004;
2.484833333333334E+009;-1.395929008722305E-001;-7.972557097673416E-002;7.075046654790640E-003;2.872680779546499E-004;
2.485000000000000E+009;-1.396859884262085E-001;-7.776153087615967E-002;7.102794479578733E-003;-1.272719528060406E-004;
2.485166666666667E+009;-1.400141119956970E-001;-7.547067850828171E-002;7.186468224972487E-003;-3.831311769317836E-004;
2.485333333333334E+009;-1.403537988662720E-001;-7.358417659997940E-002;7.065086625516415E-003;-8.484807913191617E-004;
2.485500000000000E+009;-1.408738493919373E-001;-7.138939201831818E-002;7.043648511171341E-003;-1.038305461406708E-003;
2.485666666666667E+009;-1.413068473339081E-001;-6.941696256399155E-002;6.955683231353760E-003;-1.580377924256027E-003;
2.485833333333334E+009;-1.419606506824493E-001;-6.759029626846314E-002;6.779947318136692E-003;-1.883629593066871E-003;
2.486000000000000E+009;-1.428287178277969E-001;-6.563191860914230E-002;6.630674935877323E-003;-2.318154089152813E-003;
2.486166666666667E+009;-1.434268653392792E-001;-6.368247419595718E-002;6.672159302979708E-003;-2.577613340690732E-003;
2.486333333333334E+009;-1.443478316068649E-001;-6.184803694486618E-002;6.417509168386459E-003;-3.041638759896159E-003;
2.486500000000000E+009;-1.455123275518417E-001;-5.997721105813980E-002;6.244566291570664E-003;-3.129432443529367E-003;
2.486666666666667E+009;-1.465286910533905E-001;-5.815564095973969E-002;5.993682425469160E-003;-3.435634542256594E-003;
2.486833333333334E+009;-1.476303935050964E-001;-5.639450624585152E-002;5.812427494674921E-003;-3.746907692402601E-003;
2.487000000000000E+009;-1.488347351551056E-001;-5.484896525740624E-002;5.652019288390875E-003;-4.021458327770233E-003;
2.487166666666667E+009;-1.498840153217316E-001;-5.327456071972847E-002;5.391152109950781E-003;-4.202306270599365E-003;
2.487333333333334E+009;-1.511482149362564E-001;-5.169570446014404E-002;5.053444299846888E-003;-4.473967012017965E-003;
2.487500000000000E+009;-1.523936688899994E-001;-5.016377568244934E-002;4.672468174248934E-003;-4.492700565606356E-003;
2.487666666666667E+009;-1.534533351659775E-001;-4.874214902520180E-002;4.559247288852930E-003;-4.823274444788694E-003;
2.487833333333334E+009;-1.548150628805161E-001;-4.737433046102524E-002;4.161185119301081E-003;-4.740098491311073E-003;
2.488000000000000E+009;-1.557899564504623E-001;-4.616751894354820E-002;3.927491605281830E-003;-4.997318610548973E-003;
2.488166666666667E+009;-1.570913642644882E-001;-4.479156807065010E-002;3.669680561870337E-003;-5.153052508831024E-003;
2.488333333333334E+009;-1.581687331199646E-001;-4.377747699618340E-002;3.330104518681765E-003;-5.215383134782314E-003;
2.488500000000000E+009;-1.593736857175827E-001;-4.261334612965584E-002;2.966192318126559E-003;-5.092795006930828E-003;
2.488666666666667E+009;-1.602015346288681E-001;-4.172557219862938E-002;2.820663386955857E-003;-5.254492629319429E-003;
2.488833333333334E+009;-1.611790955066681E-001;-4.080073535442352E-002;2.499414375051856E-003;-5.303116980940104E-003;
2.489000000000000E+009;-1.620933860540390E-001;-3.986893221735954E-002;2.167386235669255E-003;-5.130708217620850E-003;
2.489166666666667E+009;-1.627971529960632E-001;-3.939455747604370E-002;1.853611320257187E-003;-5.168939940631390E-003;
2.489333333333334E+009;-1.636150628328323E-001;-3.879864141345024E-002;1.572081469930708E-003;-5.102046765387058E-003;
2.489500000000000E+009;-1.641993224620819E-001;-3.807532787322998E-002;1.512450864538550E-003;-5.151000805199146E-003;
2.489666666666667E+009;-1.646942645311356E-001;-3.747407719492912E-002;1.233163289725781E-003;-4.919176455587149E-003;
2.489833333333334E+009;-1.653508096933365E-001;-3.697219491004944E-002;1.030817278660834E-003;-4.930383991450071E-003;
2.490000000000000E+009;-1.658519059419632E-001;-3.648174181580544E-002;9.819432161748409E-004;-4.941866733133793E-003;
2.490166666666667E+009;-1.661807447671890E-001;-3.583579137921333E-002;6.705660489387810E-004;-4.766070749610663E-003;
2.490333333333334E+009;-1.666557341814041E-001;-3.553450107574463E-002;5.369803402572870E-004;-4.733928013592959E-003;
2.490500000000000E+009;-1.668106764554977E-001;-3.474143519997597E-002;2.651933464221656E-004;-4.461248405277729E-003;
2.490666666666667E+009;-1.671512722969055E-001;-3.431179374456406E-002;2.356997138122097E-004;-4.340403713285923E-003;
2.490833333333334E+009;-1.671345829963684E-001;-3.374308347702026E-002;7.088072015903890E-005;-4.249655641615391E-003;
2.491000000000000E+009;-1.673543751239777E-001;-3.292972221970558E-002;-1.264884303964209E-005;-4.250847734510899E-003;
2.491166666666667E+009;-1.672833114862442E-001;-3.245020657777786E-002;-1.809800305636600E-004;-4.157884512096643E-003;
2.491333333333334E+009;-1.672948002815247E-001;-3.174261003732681E-002;-2.770092214632314E-005;-3.935034852474928E-003;
2.491500000000000E+009;-1.673147380352020E-001;-3.109710291028023E-002;-1.687405019765720E-004;-3.902608761563897E-003;
2.491666666666667E+009;-1.671171486377716E-001;-3.008431568741798E-002;-2.121037105098367E-004;-3.833103692159057E-003;
2.491833333333334E+009;-1.669297218322754E-001;-2.892743609845638E-002;-4.748245119117200E-004;-3.794824704527855E-003;
2.492000000000000E+009;-1.665582358837128E-001;-2.813276089727879E-002;-4.692237416747958E-004;-3.638520371168852E-003;
2.492166666666667E+009;-1.663716137409210E-001;-2.693895995616913E-002;-4.532453895080835E-004;-3.684872761368752E-003;
2.492333333333334E+009;-1.662131249904633E-001;-2.554575912654400E-002;-5.315261660143733E-004;-3.460528561845422E-003;
2.492500000000000E+009;-1.656564027070999E-001;-2.446050196886063E-002;-5.726953968405724E-004;-3.585926722735167E-003;
2.492666666666667E+009;-1.653163284063339E-001;-2.291160263121128E-002;-5.879722884856165E-004;-3.641078015789390E-003;
2.492833333333334E+009;-1.646410524845123E-001;-2.144281752407551E-002;-6.601943168789148E-004;-3.487200243398547E-003;
2.493000000000000E+009;-1.644121855497360E-001;-1.994073204696178E-002;-8.141037542372942E-004;-3.509156173095107E-003;
2.493166666666667E+009;-1.638631522655487E-001;-1.841112226247788E-002;-6.981233600527048E-004;-3.563308157026768E-003;
2.493333333333334E+009;-1.633767336606979E-001;-1.693605817854404E-002;-7.471590070053935E-004;-3.513259114697576E-003;
2.493500000000000E+009;-1.628406792879105E-001;-1.481709536164999E-002;-7.215608493424952E-004;-3.437007544562221E-003;
2.493666666666667E+009;-1.625664830207825E-001;-1.307023968547583E-002;-7.881121127866209E-004;-3.238815581426024E-003;
2.493833333333334E+009;-1.621062308549881E-001;-1.132604293525219E-002;-8.519768598489463E-004;-3.480490297079086E-003;
2.494000000000000E+009;-1.616882681846619E-001;-9.204291738569737E-003;-9.259154903702438E-004;-3.350985702127218E-003;
2.494166666666667E+009;-1.612843275070190E-001;-7.365382742136717E-003;-9.898145217448473E-004;-3.317492082715035E-003;
2.494333333333334E+009;-1.608919054269791E-001;-5.557700991630554E-003;-1.054714317433536E-003;-3.247911576181650E-003;
2.494500000000000E+009;-1.608270406723023E-001;-3.369789337739348E-003;-1.019051647745073E-003;-3.209603717550635E-003;
2.494666666666667E+009;-1.604527384042740E-001;-1.047539990395308E-003;-1.054946333169937E-003;-3.232886316254735E-003;
2.494833333333334E+009;-1.602228879928589E-001;8.179565775208175E-004;-1.215653843246400E-003;-3.287540515884757E-003;
2.495000000000000E+009;-1.601467579603195E-001;2.852202160283923E-003;-1.232380513101816E-003;-3.298888215795159E-003;
2.495166666666667E+009;-1.601321101188660E-001;4.921239800751209E-003;-1.228118548169732E-003;-3.318634815514088E-003;
2.495333333333334E+009;-1.600977331399918E-001;7.141192443668842E-003;-1.374579966068268E-003;-3.334957407787442E-003;
2.495500000000000E+009;-1.601984202861786E-001;9.300572797656059E-003;-1.438655657693744E-003;-3.328507067635655E-003;
2.495666666666667E+009;-1.603094935417175E-001;1.145961508154869E-002;-1.673473860137165E-003;-3.288472536951304E-003;
2.495833333333334E+009;-1.602175682783127E-001;1.335121877491474E-002;-1.464675064198673E-003;-3.447279101237655E-003;
2.496000000000000E+009;-1.603424996137619E-001;1.543951407074928E-002;-1.647472963668406E-003;-3.532513044774532E-003;
2.496166666666667E+009;-1.607630252838135E-001;1.732401922345161E-002;-1.685908646322787E-003;-3.478780388832092E-003;
2.496333333333334E+009;-1.611291468143463E-001;1.921576447784901E-002;-2.022812142968178E-003;-3.515295684337616E-003;
2.496500000000000E+009;-1.613953858613968E-001;2.141884528100491E-002;-2.186059718951583E-003;-3.658893983811140E-003;
2.496666666666667E+009;-1.619846969842911E-001;2.310988306999207E-002;-2.091867616400123E-003;-3.559218253940344E-003;
2.496833333333334E+009;-1.620769798755646E-001;2.485328540205956E-002;-2.429975895211101E-003;-3.577875206246972E-003;
2.497000000000000E+009;-1.625033915042877E-001;2.646622247993946E-002;-2.609329763799906E-003;-3.459735307842493E-003;
2.497166666666667E+009;-1.630872637033463E-001;2.821036614477634E-002;-2.741341944783926E-003;-3.510986221954227E-003;
2.497333333333334E+009;-1.634992659091950E-001;2.986614219844341E-002;-3.198957070708275E-003;-3.445287002250552E-003;
2.497500000000000E+009;-1.640802770853043E-001;3.123557753860951E-002;-3.012432018294931E-003;-3.403261303901672E-003;
2.497666666666667E+009;-1.642921715974808E-001;3.295251354575157E-002;-3.393191844224930E-003;-3.136887215077877E-003;
2.497833333333334E+009;-1.646353602409363E-001;3.429791703820229E-002;-3.598236711695790E-003;-3.175546647980809E-003;
2.498000000000000E+009;-1.654045134782791E-001;3.563717752695084E-002;-3.682419424876571E-003;-3.046337049454451E-003;
2.498166666666667E+009;-1.655508428812027E-001;3.687807172536850E-002;-4.020989872515202E-003;-2.885359339416027E-003;
2.498333333333334E+009;-1.659573316574097E-001;3.815237060189247E-002;-4.057713784277439E-003;-2.522913273423910E-003;
2.498500000000000E+009;-1.662587374448776E-001;3.938828781247139E-002;-4.263774491846561E-003;-2.451221225783229E-003;
2.498666666666667E+009;-1.663613766431809E-001;4.039252549409866E-002;-4.381051287055016E-003;-2.116509247571230E-003;
2.498833333333334E+009;-1.667489707469940E-001;4.126881435513496E-002;-4.540448542684317E-003;-1.985092181712389E-003;
2.499000000000000E+009;-1.667577177286148E-001;4.246475547552109E-002;-4.572188481688500E-003;-1.521317870356143E-003;
2.499166666666667E+009;-1.668920665979385E-001;4.331166297197342E-002;-4.596590064466000E-003;-1.282906509004533E-003;
2.499333333333334E+009;-1.666938662528992E-001;4.417857155203819E-002;-4.602518398314714E-003;-9.627604740671814E-004;
2.499500000000000E+009;-1.667435020208359E-001;4.510191082954407E-002;-4.644074477255344E-003;-6.320739048533142E-004;
2.499666666666667E+009;-1.666866391897202E-001;4.581879079341888E-002;-4.472482949495316E-003;-5.388959543779492E-004;
2.499833333333334E+009;-1.665222793817520E-001;4.677477851510048E-002;-4.519518464803696E-003;-1.517042110208422E-004;
2.500000000000000E+009;-1.662697046995163E-001;4.735470563173294E-002;-4.271724727004767E-003;1.378849265165627E-005;
