# Version 1.00
#
freq[Hz];re:Trc1_S11;im:Trc1_S11;re:Trc2_S21;im:Trc2_S21;
2.400000000000000E+009;1.734156161546707E-001;4.992565140128136E-002;3.270982066169381E-003;1.331811188720167E-003;
2.400166666666667E+009;1.738522052764893E-001;4.931252077221870E-002;3.141474910080433E-003;1.328587997704744E-003;
2.400333333333334E+009;1.742293089628220E-001;4.860533028841019E-002;3.025141078978777E-003;1.370602403767407E-003;
2.400500000000000E+009;1.746499687433243E-001;4.799796640872955E-002;3.178047249093652E-003;1.177762635052204E-003;
2.400666666666667E+009;1.746877878904343E-001;4.725493118166924E-002;3.109733806923032E-003;1.097984495572746E-003;
2.400833333333334E+009;1.753090023994446E-001;4.670795798301697E-002;3.246172564104199E-003;1.342497416771948E-003;
2.401000000000000E+009;1.754491180181503E-001;4.603021219372749E-002;3.270509187132120E-003;1.199904829263687E-003;
2.401166666666667E+009;1.754008531570435E-001;4.536107555031776E-002;3.264820668846369E-003;1.208878587931395E-003;
2.401333333333334E+009;1.753633022308350E-001;4.456045478582382E-002;3.216726938262582E-003;1.000526943244040E-003;
2.401500000000000E+009;1.754730939865112E-001;4.410904645919800E-002;3.340334165841341E-003;9.985106298699975E-004;
2.401666666666667E+009;1.756302118301392E-001;4.306185618042946E-002;3.518000245094299E-003;8.666950743645430E-004;
2.401833333333334E+009;1.754157692193985E-001;4.231034219264984E-002;3.464167937636375E-003;8.925860747694969E-004;
2.402000000000000E+009;1.751349717378616E-001;4.162953421473503E-002;3.516955068334937E-003;8.020595414564014E-004;
2.402166666666667E+009;1.747745424509049E-001;4.049558192491531E-002;3.620600327849388E-003;5.105611635372043E-004;
2.402333333333334E+009;1.747227013111115E-001;3.958845883607864E-002;3.615294583141804E-003;4.809175443369895E-004;
2.402500000000000E+009;1.747828125953674E-001;3.838185593485832E-002;3.500211052596569E-003;4.628252063412219E-004;
2.402666666666667E+009;1.744270175695419E-001;3.726540878415108E-002;3.766423556953669E-003;1.236002135556191E-004;
2.402833333333334E+009;1.740193516016007E-001;3.604438528418541E-002;3.479859558865428E-003;2.823538088705391E-004;
2.403000000000000E+009;1.739138215780258E-001;3.472390398383141E-002;3.413637401536107E-003;1.830758992582560E-004;
2.403166666666667E+009;1.734054833650589E-001;3.323877602815628E-002;3.448680508881807E-003;6.202560325618833E-005;
2.403333333333334E+009;1.730015575885773E-001;3.184615820646286E-002;3.365509677678347E-003;-8.759549382375553E-005;
2.403500000000000E+009;1.725713014602661E-001;3.024629317224026E-002;3.350911429151893E-003;-1.377103908453137E-004;
2.403666666666667E+009;1.721950471401215E-001;2.866772189736366E-002;3.544684965163469E-003;-2.306440001120791E-004;
2.403833333333334E+009;1.721151322126389E-001;2.687548846006393E-002;3.251524176448584E-003;-2.328395930817351E-004;
2.404000000000000E+009;1.715991944074631E-001;2.518687210977078E-002;3.268207889050245E-003;-2.409898006590083E-004;
2.404166666666667E+009;1.712161898612976E-001;2.317628823220730E-002;3.480070736259222E-003;-1.354917767457664E-004;
2.404333333333334E+009;1.708563417196274E-001;2.121257036924362E-002;3.393483115360141E-003;-2.531645295675844E-004;
2.404500000000000E+009;1.704514026641846E-001;1.941361650824547E-002;3.490525530651212E-003;-1.550210872665048E-004;
2.404666666666667E+009;1.704522669315338E-001;1.734311319887638E-002;3.311422886326909E-003;-3.589391999412328E-004;
2.404833333333334E+009;1.701884418725967E-001;1.535270083695650E-002;3.411400597542524E-003;-3.099935129284859E-004;
2.405000000000000E+009;1.700483709573746E-001;1.331446692347527E-002;3.355277003720403E-003;-4.084827669430524E-004;
2.405166666666667E+009;1.700284034013748E-001;1.118787750601769E-002;3.575130831450224E-003;-5.340178613550961E-004;
2.405333333333334E+009;1.701223105192184E-001;9.133274666965008E-003;3.518066601827741E-003;-5.543152219615877E-004;
2.405500000000000E+009;1.702116280794144E-001;7.110781967639923E-003;3.611270803958178E-003;-3.878157003782690E-004;
2.405666666666667E+009;1.703402549028397E-001;4.993097390979528E-003;3.805580781772733E-003;-5.933958454988897E-004;
2.405833333333334E+009;1.703510582447052E-001;3.076857654377818E-003;3.639448201283813E-003;-7.726303883828223E-004;
2.406000000000000E+009;1.708082556724548E-001;8.325298549607396E-004;3.800636390224099E-003;-7.592827314510942E-004;
2.406166666666667E+009;1.710283309221268E-001;-9.283562540076673E-004;3.773393575102091E-003;-8.381237857975066E-004;
2.406333333333334E+009;1.716649085283279E-001;-3.012500237673521E-003;3.879037220031023E-003;-9.467228082939982E-004;
2.406500000000000E+009;1.720440983772278E-001;-5.082218907773495E-003;3.927430137991905E-003;-1.141451066359878E-003;
2.406666666666667E+009;1.724079251289368E-001;-6.961388047784567E-003;3.955003805458546E-003;-1.093711704015732E-003;
2.406833333333334E+009;1.730103641748428E-001;-8.889417164027691E-003;3.897547489032149E-003;-1.443347195163369E-003;
2.407000000000000E+009;1.736853420734406E-001;-1.080339122563601E-002;4.113977774977684E-003;-1.594183035194874E-003;
2.407166666666667E+009;1.744686067104340E-001;-1.246386021375656E-002;4.106707405298948E-003;-1.516532036475837E-003;
2.407333333333334E+009;1.750640422105789E-001;-1.439764723181725E-002;4.148061387240887E-003;-1.836334238760173E-003;
2.407500000000000E+009;1.757915914058685E-001;-1.599716767668724E-002;4.263678099960089E-003;-1.996323699131608E-003;
2.407666666666667E+009;1.765617579221726E-001;-1.773159392178059E-002;4.498542752116919E-003;-2.267547417432070E-003;
2.407833333333334E+009;1.773237586021423E-001;-1.936037652194500E-002;4.409999586641789E-003;-2.485772361978889E-003;
2.408000000000000E+009;1.780329644680023E-001;-2.114888280630112E-002;4.472565371543169E-003;-2.577363746240735E-003;
2.408166666666667E+009;1.787596046924591E-001;-2.227271720767021E-002;4.402231425046921E-003;-2.878203056752682E-003;
2.408333333333334E+009;1.795520782470703E-001;-2.368843369185925E-002;4.347939975559712E-003;-3.325514495372772E-003;
2.408500000000000E+009;1.802515685558319E-001;-2.505904622375965E-002;4.341023974120617E-003;-3.406967036426067E-003;
2.408666666666667E+009;1.808931529521942E-001;-2.627393603324890E-002;4.194481763988733E-003;-3.771898103877902E-003;
2.408833333333334E+009;1.813324093818665E-001;-2.739611268043518E-002;4.058856051415205E-003;-4.061455372720957E-003;
2.409000000000000E+009;1.817103624343872E-001;-2.834278158843517E-002;3.973588813096285E-003;-4.248478449881077E-003;
2.409166666666667E+009;1.821996569633484E-001;-2.929378487169743E-002;3.698126412928104E-003;-4.547459539026022E-003;
2.409333333333334E+009;1.826656460762024E-001;-3.024290874600411E-002;3.616272704675794E-003;-4.638356156647205E-003;
2.409500000000000E+009;1.829487681388855E-001;-3.115604445338249E-002;3.341607283800840E-003;-4.887641873210669E-003;
2.409666666666667E+009;1.832239925861359E-001;-3.149833530187607E-002;3.192307893186808E-003;-5.110467784106731E-003;
2.409833333333334E+009;1.833495199680328E-001;-3.189437091350555E-002;2.887623617425561E-003;-5.167901981621981E-003;
2.410000000000000E+009;1.836123913526535E-001;-3.241357207298279E-002;2.562888897955418E-003;-5.521416198462248E-003;
2.410166666666667E+009;1.835973709821701E-001;-3.287779539823532E-002;2.513723913580179E-003;-5.650482140481472E-003;
2.410333333333334E+009;1.836348921060562E-001;-3.317598253488541E-002;2.410917077213526E-003;-5.732464138418436E-003;
2.410500000000000E+009;1.836318969726563E-001;-3.365154936909676E-002;1.988352974876761E-003;-5.934447515755892E-003;
2.410666666666667E+009;1.835159957408905E-001;-3.393373265862465E-002;1.824994571506977E-003;-6.023954600095749E-003;
2.410833333333334E+009;1.832931637763977E-001;-3.403851389884949E-002;1.481475308537483E-003;-6.040086038410664E-003;
2.411000000000000E+009;1.830294728279114E-001;-3.427993133664131E-002;1.053027226589620E-003;-6.071897689253092E-003;
2.411166666666667E+009;1.826952993869782E-001;-3.487266227602959E-002;9.432391379959881E-004;-6.326924078166485E-003;
2.411333333333334E+009;1.821938157081604E-001;-3.479991853237152E-002;6.836661486886442E-004;-6.419537588953972E-003;
2.411500000000000E+009;1.817411780357361E-001;-3.550373017787933E-002;2.760317001957446E-004;-6.419600453227758E-003;
2.411666666666667E+009;1.812467277050018E-001;-3.574222698807716E-002;1.248146290890873E-004;-6.456994451582432E-003;
2.411833333333334E+009;1.804842203855515E-001;-3.603901341557503E-002;-3.461624146439135E-004;-6.394508760422468E-003;
2.412000000000000E+009;1.797364652156830E-001;-3.659171983599663E-002;-5.711672711186111E-004;-6.516581401228905E-003;
2.412166666666667E+009;1.786122024059296E-001;-3.712522983551025E-002;-8.773807785473764E-004;-6.370013579726219E-003;
2.412333333333334E+009;1.778573989868164E-001;-3.746811673045158E-002;-1.153257908299565E-003;-6.256713997572660E-003;
2.412500000000000E+009;1.766479462385178E-001;-3.821389749646187E-002;-1.593325985595584E-003;-6.289296317845583E-003;
2.412666666666667E+009;1.757173389196396E-001;-3.887476772069931E-002;-1.935801585204899E-003;-6.175494287163019E-003;
2.412833333333334E+009;1.745235025882721E-001;-3.952321037650108E-002;-2.136054215952754E-003;-5.975783336907625E-003;
2.413000000000000E+009;1.732660084962845E-001;-4.030703380703926E-002;-2.337835263460875E-003;-5.833295639604330E-003;
2.413166666666667E+009;1.720793098211289E-001;-4.122299700975418E-002;-2.745971782132983E-003;-5.652492400258780E-003;
2.413333333333334E+009;1.707469373941422E-001;-4.227967932820320E-002;-2.856645733118057E-003;-5.550460889935494E-003;
2.413500000000000E+009;1.693271398544312E-001;-4.322006925940514E-002;-3.056652378290892E-003;-5.298631731420755E-003;
2.413666666666667E+009;1.681937426328659E-001;-4.434898495674133E-002;-3.301624907180667E-003;-5.239143501967192E-003;
2.413833333333334E+009;1.667366772890091E-001;-4.536841064691544E-002;-3.429489675909281E-003;-5.013324785977602E-003;
2.414000000000000E+009;1.654683947563171E-001;-4.682339355349541E-002;-3.599464660510421E-003;-4.876492079347372E-003;
2.414166666666667E+009;1.642711907625198E-001;-4.791332036256790E-002;-3.702097805216909E-003;-4.669330082833767E-003;
2.414333333333334E+009;1.630947142839432E-001;-4.943726584315300E-002;-3.982636146247387E-003;-4.545909818261862E-003;
2.414500000000000E+009;1.620187461376190E-001;-5.099637061357498E-002;-4.049292765557766E-003;-4.261382389813662E-003;
2.414666666666667E+009;1.609204113483429E-001;-5.240866914391518E-002;-4.056586418300867E-003;-4.253211896866560E-003;
2.414833333333334E+009;1.597886681556702E-001;-5.402046442031860E-002;-4.441681317985058E-003;-3.958858549594879E-003;
2.415000000000000E+009;1.587610393762589E-001;-5.569267645478249E-002;-4.476465750485659E-003;-3.669098252430558E-003;
2.415166666666667E+009;1.577059775590897E-001;-5.748680979013443E-002;-4.500699695199728E-003;-3.311862470582128E-003;
2.415333333333334E+009;1.570173352956772E-001;-5.927044525742531E-002;-4.656587727367878E-003;-3.285702550783753E-003;
2.415500000000000E+009;1.562696397304535E-001;-6.104760244488716E-002;-4.747037775814533E-003;-3.187847789376974E-003;
2.415666666666667E+009;1.555529385805130E-001;-6.293507665395737E-002;-4.858308471739292E-003;-2.791936742141843E-003;
2.415833333333334E+009;1.550242602825165E-001;-6.494768708944321E-002;-5.033505149185658E-003;-2.671309746801853E-003;
2.416000000000000E+009;1.541951894760132E-001;-6.691837310791016E-002;-5.037948023527861E-003;-2.275119768455625E-003;
2.416166666666667E+009;1.539652794599533E-001;-6.886529177427292E-002;-5.167166236788034E-003;-2.132284687831998E-003;
2.416333333333334E+009;1.534218192100525E-001;-7.077812403440476E-002;-4.940435755997896E-003;-1.580498064868152E-003;
2.416500000000000E+009;1.531545519828796E-001;-7.287532836198807E-002;-5.042738746851683E-003;-1.481023849919438E-003;
2.416666666666667E+009;1.528032124042511E-001;-7.467982172966003E-002;-5.052597727626562E-003;-1.174945500679314E-003;
2.416833333333334E+009;1.526925861835480E-001;-7.675363868474960E-002;-4.948930349200964E-003;-8.481584372930229E-004;
2.417000000000000E+009;1.523046642541885E-001;-7.869273424148560E-002;-4.800906870514154E-003;-6.935772835277021E-004;
2.417166666666667E+009;1.521905362606049E-001;-8.028917014598846E-002;-4.602392204105854E-003;-5.232903058640659E-004;
2.417333333333334E+009;1.521914154291153E-001;-8.193236589431763E-002;-4.420210607349873E-003;-3.401504945941269E-004;
2.417500000000000E+009;1.521944552659988E-001;-8.386035263538361E-002;-4.458522424101830E-003;-8.245678327511996E-005;
2.417666666666667E+009;1.523966938257217E-001;-8.539015054702759E-002;-4.217953421175480E-003;9.280333870265167E-006;
2.417833333333334E+009;1.524136215448380E-001;-8.683719485998154E-002;-3.980810754001141E-003;1.656770182307810E-004;
2.418000000000000E+009;1.523840576410294E-001;-8.834935724735260E-002;-3.872056491672993E-003;1.631693739909679E-004;
2.418166666666667E+009;1.525672972202301E-001;-8.956460654735565E-002;-3.755629295483232E-003;8.588929631514475E-005;
2.418333333333334E+009;1.529437154531479E-001;-9.081806242465973E-002;-3.680777037516236E-003;1.672626967774704E-004;
2.418500000000000E+009;1.530266255140305E-001;-9.201344102621079E-002;-3.667798126116395E-003;2.063184074359015E-004;
2.418666666666667E+009;1.533962935209274E-001;-9.305047988891602E-002;-3.468935377895832E-003;9.122781193582341E-005;
2.418833333333334E+009;1.534417569637299E-001;-9.397214651107788E-002;-3.570625092834234E-003;5.032434637541883E-005;
2.419000000000000E+009;1.534665971994400E-001;-9.469638764858246E-002;-3.479449078440666E-003;-2.265951334265992E-004;
2.419166666666667E+009;1.537167280912399E-001;-9.544306993484497E-002;-3.511918475851417E-003;1.249327397090383E-005;
2.419333333333334E+009;1.538485735654831E-001;-9.571825712919235E-002;-3.405583091080189E-003;5.919015620747814E-006;
2.419500000000000E+009;1.542226225137711E-001;-9.648283571004868E-002;-3.597625531256199E-003;-7.678031397517771E-005;
2.419666666666667E+009;1.543759852647781E-001;-9.665684401988983E-002;-3.505202941596508E-003;6.715896597597748E-005;
2.419833333333334E+009;1.544193178415299E-001;-9.691844880580902E-002;-3.798814490437508E-003;8.746892126509920E-005;
2.420000000000000E+009;1.545895338058472E-001;-9.704629331827164E-002;-3.884651232510805E-003;1.122305184253492E-004;
2.420166666666667E+009;1.547282189130783E-001;-9.701073169708252E-002;-3.925741184502840E-003;2.150042128050700E-004;
2.420333333333334E+009;1.548415869474411E-001;-9.703873097896576E-002;-3.958180081099272E-003;2.848790900316089E-004;
2.420500000000000E+009;1.545989215373993E-001;-9.662428498268127E-002;-4.004973918199539E-003;3.851247020065785E-004;
2.420666666666667E+009;1.545131653547287E-001;-9.641507267951965E-002;-4.106718115508556E-003;4.637376405298710E-004;
2.420833333333334E+009;1.543547064065933E-001;-9.632523357868195E-002;-4.303311929106712E-003;7.524054963141680E-004;
2.421000000000000E+009;1.540853232145309E-001;-9.600193798542023E-002;-4.363920073956251E-003;8.933731587603688E-004;
2.421166666666667E+009;1.539670228958130E-001;-9.586608409881592E-002;-4.460609983652830E-003;1.038513612002134E-003;
2.421333333333334E+009;1.536476910114288E-001;-9.541961550712585E-002;-4.607697483152151E-003;1.335183274932206E-003;
2.421500000000000E+009;1.531713008880615E-001;-9.495847672224045E-002;-4.392310511320829E-003;1.522919163107872E-003;
2.421666666666667E+009;1.527704000473023E-001;-9.471753239631653E-002;-4.494631662964821E-003;1.732393633574247E-003;
2.421833333333334E+009;1.521211117506027E-001;-9.451551735401154E-002;-4.461596254259348E-003;1.997930463403463E-003;
2.422000000000000E+009;1.514087170362473E-001;-9.414903074502945E-002;-4.597179125994444E-003;2.114513888955116E-003;
2.422166666666667E+009;1.504727303981781E-001;-9.399511665105820E-002;-4.527218639850617E-003;2.613977761939168E-003;
2.422333333333334E+009;1.496318727731705E-001;-9.368852525949478E-002;-4.419388715177774E-003;2.785228658467531E-003;
2.422500000000000E+009;1.485780924558640E-001;-9.329645335674286E-002;-4.184646997600794E-003;3.091572551056743E-003;
2.422666666666667E+009;1.475752741098404E-001;-9.347262978553772E-002;-4.142078105360270E-003;3.154218196868897E-003;
2.422833333333334E+009;1.465231925249100E-001;-9.339372813701630E-002;-3.890706226229668E-003;3.331837942823768E-003;
2.423000000000000E+009;1.451232880353928E-001;-9.316896647214890E-002;-3.817086806520820E-003;3.647295525297523E-003;
2.423166666666667E+009;1.438602060079575E-001;-9.348452091217041E-002;-3.483874490484595E-003;3.864723723381758E-003;
2.423333333333334E+009;1.426117867231369E-001;-9.324149042367935E-002;-3.388440702110529E-003;3.991147503256798E-003;
2.423500000000000E+009;1.410170495510101E-001;-9.345771372318268E-002;-2.971859881654382E-003;4.043056629598141E-003;
2.423666666666667E+009;1.392858475446701E-001;-9.370231628417969E-002;-2.765787532553077E-003;4.293040838092566E-003;
2.423833333333334E+009;1.380124986171722E-001;-9.393683820962906E-002;-2.504812320694327E-003;4.436666145920754E-003;
2.424000000000000E+009;1.364767700433731E-001;-9.435027092695236E-002;-2.224787836894393E-003;4.442817531526089E-003;
2.424166666666667E+009;1.349339187145233E-001;-9.488129615783691E-002;-2.057357225567102E-003;4.441435448825359E-003;
2.424333333333334E+009;1.335451602935791E-001;-9.517212957143784E-002;-1.742200809530914E-003;4.702488891780376E-003;
2.424500000000000E+009;1.320163607597351E-001;-9.591576457023621E-002;-1.362427603453398E-003;4.660570062696934E-003;
2.424666666666667E+009;1.306768953800201E-001;-9.652542322874069E-002;-1.183388521894813E-003;4.698615986853838E-003;
2.424833333333334E+009;1.290091574192047E-001;-9.728768467903137E-002;-8.883795235306025E-004;4.578753374516964E-003;
2.425000000000000E+009;1.277225315570831E-001;-9.822897613048554E-002;-6.915805861353874E-004;4.545186180621386E-003;
2.425166666666667E+009;1.262413859367371E-001;-9.907621145248413E-002;-3.556644951459020E-004;4.431171342730522E-003;
2.425333333333334E+009;1.250087469816208E-001;-1.002478823065758E-001;-1.145748228736920E-005;4.387740045785904E-003;
2.425500000000000E+009;1.239241138100624E-001;-1.012760698795319E-001;1.116595376515761E-004;4.198926500976086E-003;
2.425666666666667E+009;1.225564256310463E-001;-1.026187539100647E-001;4.179063835181296E-004;4.121209029108286E-003;
2.425833333333334E+009;1.216217502951622E-001;-1.038787141442299E-001;6.481599411927164E-004;4.070221446454525E-003;
2.426000000000000E+009;1.206137761473656E-001;-1.053570061922073E-001;9.163632057607174E-004;3.628056263551116E-003;
2.426166666666667E+009;1.198398992419243E-001;-1.066999286413193E-001;8.881629328243434E-004;3.437589854001999E-003;
2.426333333333334E+009;1.188919618725777E-001;-1.081958934664726E-001;1.261831843294203E-003;3.421302419155836E-003;
2.426500000000000E+009;1.182123124599457E-001;-1.097622960805893E-001;1.300932373851538E-003;3.119733184576035E-003;
2.426666666666667E+009;1.176741123199463E-001;-1.111168116331101E-001;1.235191011801362E-003;2.964040264487267E-003;
2.426833333333334E+009;1.169866099953651E-001;-1.128179728984833E-001;1.327598118223250E-003;2.633152995258570E-003;
2.427000000000000E+009;1.164534837007523E-001;-1.144687831401825E-001;1.256424351595342E-003;2.340862993150950E-003;
2.427166666666667E+009;1.160022765398026E-001;-1.158855184912682E-001;1.334802713245153E-003;2.093279967084527E-003;
2.427333333333334E+009;1.155221089720726E-001;-1.175455823540688E-001;1.245019957423210E-003;1.917374436743558E-003;
2.427500000000000E+009;1.154979839920998E-001;-1.191520616412163E-001;1.107133692130446E-003;1.920849666930735E-003;
2.427666666666667E+009;1.152578070759773E-001;-1.206767037510872E-001;1.043257536366582E-003;1.681030378676951E-003;
2.427833333333334E+009;1.151014864444733E-001;-1.221979111433029E-001;1.028259051963687E-003;1.623600837774575E-003;
2.428000000000000E+009;1.149829626083374E-001;-1.237301900982857E-001;8.074062643572688E-004;1.480529084801674E-003;
2.428166666666667E+009;1.150569319725037E-001;-1.250806152820587E-001;5.684648640453816E-004;1.423488487489522E-003;
2.428333333333334E+009;1.153460592031479E-001;-1.265056282281876E-001;8.419187506660819E-004;1.328954589553177E-003;
2.428500000000000E+009;1.153515800833702E-001;-1.278569251298904E-001;6.700025987811387E-004;1.344781718216837E-003;
2.428666666666667E+009;1.155800893902779E-001;-1.289205104112625E-001;4.091090231668204E-004;1.509114284999669E-003;
2.428833333333334E+009;1.156220957636833E-001;-1.302738040685654E-001;3.094828862231225E-004;1.320146257057786E-003;
2.429000000000000E+009;1.160594001412392E-001;-1.311868429183960E-001;3.404762537684292E-004;1.223113387823105E-003;
2.429166666666667E+009;1.162131577730179E-001;-1.320750713348389E-001;3.439337597228587E-004;1.390193006955087E-003;
2.429333333333334E+009;1.166584789752960E-001;-1.331548690795898E-001;1.072165832738392E-004;1.245108549483120E-003;
2.429500000000000E+009;1.170916855335236E-001;-1.339730918407440E-001;-2.474913344485685E-005;1.361257862299681E-003;
2.429666666666667E+009;1.173214912414551E-001;-1.347366720438004E-001;8.341802458744496E-005;1.358871348202229E-003;
2.429833333333334E+009;1.175208315253258E-001;-1.352718770503998E-001;-1.785640051821247E-005;1.366844051517546E-003;
2.430000000000000E+009;1.177902892231941E-001;-1.360631883144379E-001;-6.769379251636565E-005;1.391699188388884E-003;
2.430166666666667E+009;1.182668656110764E-001;-1.365523487329483E-001;-1.340191665804014E-004;1.398340682499111E-003;
2.430333333333334E+009;1.186398342251778E-001;-1.367888152599335E-001;-1.354815904051065E-004;1.512962742708623E-003;
2.430500000000000E+009;1.187084019184113E-001;-1.372590661048889E-001;-1.608782768016681E-004;1.645620679482818E-003;
2.430666666666667E+009;1.191418990492821E-001;-1.375779509544373E-001;-1.867732207756490E-004;1.842975267209113E-003;
2.430833333333334E+009;1.192279458045960E-001;-1.377194523811340E-001;-1.514053437858820E-004;1.914085354655981E-003;
2.431000000000000E+009;1.195290535688400E-001;-1.379345953464508E-001;-2.982778241857886E-004;1.909842481836677E-003;
2.431166666666667E+009;1.194637343287468E-001;-1.379878222942352E-001;-2.861766552086920E-004;2.108829328790307E-003;
2.431333333333334E+009;1.193241700530052E-001;-1.381494849920273E-001;-3.468633221928030E-004;2.169586950913072E-003;
2.431500000000000E+009;1.192540600895882E-001;-1.381556540727615E-001;-2.556161198299378E-004;2.344605745747685E-003;
2.431666666666667E+009;1.192594468593597E-001;-1.381785422563553E-001;-7.526770787080750E-005;2.425579121336341E-003;
2.431833333333334E+009;1.186154186725617E-001;-1.383523494005203E-001;-7.218152313726023E-005;2.471381099894643E-003;
2.432000000000000E+009;1.183333173394203E-001;-1.381749957799912E-001;5.640905146719888E-005;2.577633364126086E-003;
2.432166666666667E+009;1.178144291043282E-001;-1.378673762083054E-001;1.253942755283788E-004;2.914250129833818E-003;
2.432333333333334E+009;1.174364760518074E-001;-1.375703215599060E-001;2.202303003286943E-004;2.872884273529053E-003;
2.432500000000000E+009;1.167850717902184E-001;-1.376240700483322E-001;3.307408187538385E-004;3.054285421967506E-003;
2.432666666666667E+009;1.161654666066170E-001;-1.374581158161163E-001;5.551244248636067E-004;3.204391570761800E-003;
2.432833333333334E+009;1.153618097305298E-001;-1.374834179878235E-001;7.441777270287275E-004;3.145216032862663E-003;
2.433000000000000E+009;1.146365404129028E-001;-1.370408236980438E-001;9.134863503277302E-004;3.136906772851944E-003;
2.433166666666667E+009;1.135405153036118E-001;-1.369287818670273E-001;1.218794612213969E-003;3.210659371688962E-003;
2.433333333333334E+009;1.126956492662430E-001;-1.367413252592087E-001;1.178388949483633E-003;3.219694830477238E-003;
2.433500000000000E+009;1.116986498236656E-001;-1.366652697324753E-001;1.380008761771023E-003;3.113163867965341E-003;
2.433666666666667E+009;1.108475774526596E-001;-1.366653442382813E-001;1.618474489077926E-003;3.156688762828708E-003;
2.433833333333334E+009;1.096345111727715E-001;-1.366622298955917E-001;1.842057332396507E-003;3.169119358062744E-003;
2.434000000000000E+009;1.087644323706627E-001;-1.367217302322388E-001;1.909750630147755E-003;3.031534841284156E-003;
2.434166666666667E+009;1.074363291263580E-001;-1.368525475263596E-001;2.028177957981825E-003;3.149744123220444E-003;
2.434333333333334E+009;1.062823906540871E-001;-1.370427310466766E-001;2.281520981341600E-003;2.963398583233357E-003;
2.434500000000000E+009;1.050965636968613E-001;-1.371697783470154E-001;2.291517099365592E-003;3.036461072042584E-003;
2.434666666666667E+009;1.039619222283363E-001;-1.376110017299652E-001;2.510142978280783E-003;2.798586152493954E-003;
2.434833333333334E+009;1.026680916547775E-001;-1.380621343851090E-001;2.519827336072922E-003;2.740120980888605E-003;
2.435000000000000E+009;1.014671623706818E-001;-1.385054439306259E-001;2.642037346959114E-003;2.562565263360739E-003;
2.435166666666667E+009;1.001888439059258E-001;-1.390685439109802E-001;2.867747331038117E-003;2.512878039851785E-003;
2.435333333333334E+009;9.894961118698120E-002;-1.398298889398575E-001;2.974162343889475E-003;2.408748492598534E-003;
2.435500000000000E+009;9.762500971555710E-002;-1.404604613780975E-001;3.133961232379079E-003;2.225697506219149E-003;
2.435666666666667E+009;9.644877910614014E-002;-1.413286477327347E-001;3.335600486025214E-003;2.243238501250744E-003;
2.435833333333334E+009;9.534341096878052E-002;-1.419665217399597E-001;3.344638738781214E-003;1.840958837419748E-003;
2.436000000000000E+009;9.404328465461731E-002;-1.428366899490356E-001;3.360622096806765E-003;1.632281229831278E-003;
2.436166666666667E+009;9.273169189691544E-002;-1.438464522361755E-001;3.557587508112192E-003;1.431145821698010E-003;
2.436333333333334E+009;9.174696356058121E-002;-1.447977870702744E-001;3.377214306965470E-003;1.334253582172096E-003;
2.436500000000000E+009;9.048736840486527E-002;-1.457773149013519E-001;3.410054370760918E-003;1.225479412823916E-003;
2.436666666666667E+009;8.949497342109680E-002;-1.467067599296570E-001;3.463536500930786E-003;9.375122026540339E-004;
2.436833333333334E+009;8.845235407352448E-002;-1.477760970592499E-001;3.302855417132378E-003;9.741059620864689E-004;
2.437000000000000E+009;8.750054240226746E-002;-1.486697942018509E-001;3.345494391396642E-003;8.982215658761561E-004;
2.437166666666667E+009;8.666449040174484E-002;-1.498513221740723E-001;3.103460418060422E-003;7.166623836383224E-004;
2.437333333333334E+009;8.561455458402634E-002;-1.507214605808258E-001;3.176250727847219E-003;3.975999425165355E-004;
2.437500000000000E+009;8.490496873855591E-002;-1.517650932073593E-001;3.276576986536384E-003;3.148825198877603E-004;
2.437666666666667E+009;8.421745151281357E-002;-1.528161317110062E-001;3.162421751767397E-003;3.150764678139240E-004;
2.437833333333334E+009;8.363933861255646E-002;-1.534634530544281E-001;3.150190925225616E-003;3.503318293951452E-004;
2.438000000000000E+009;8.304756879806519E-002;-1.545892208814621E-001;3.056565532460809E-003;2.030076866503805E-004;
2.438166666666667E+009;8.259033411741257E-002;-1.555704176425934E-001;3.132701152935624E-003;1.512633025413379E-004;
2.438333333333334E+009;8.195094764232636E-002;-1.561173200607300E-001;3.095576306805015E-003;1.679795386735350E-004;
2.438500000000000E+009;8.174815028905869E-002;-1.572108864784241E-001;3.200610866770148E-003;1.772224277374335E-005;
2.438666666666667E+009;8.150119334459305E-002;-1.582026630640030E-001;3.202893305569887E-003;-1.322211119259009E-005;
2.438833333333334E+009;8.125127106904984E-002;-1.587338000535965E-001;2.960515907034278E-003;-5.477829836308956E-005;
2.439000000000000E+009;8.097882568836212E-002;-1.595716476440430E-001;3.156218444928527E-003;-1.301700394833461E-004;
2.439166666666667E+009;8.074049651622772E-002;-1.602018028497696E-001;2.924018772318959E-003;-2.395622723270208E-004;
2.439333333333334E+009;8.067633956670761E-002;-1.608722209930420E-001;2.906932262703776E-003;-3.856542753055692E-004;
2.439500000000000E+009;8.026571571826935E-002;-1.616793721914291E-001;2.941511105746031E-003;-3.014666726812720E-004;
2.439666666666667E+009;8.009035885334015E-002;-1.620280742645264E-001;2.979837823659182E-003;-4.194584907963872E-004;
2.439833333333334E+009;8.008957654237747E-002;-1.626797914505005E-001;2.800989430397749E-003;-4.785899072885513E-004;
2.440000000000000E+009;7.991518825292587E-002;-1.630668044090271E-001;2.830500481650233E-003;-5.183879984542728E-004;
2.440166666666667E+009;7.956252247095108E-002;-1.635157912969589E-001;2.849406562745571E-003;-5.868510925211012E-004;
2.440333333333334E+009;7.936882227659226E-002;-1.639103144407272E-001;2.828081371262670E-003;-6.549493991769850E-004;
2.440500000000000E+009;7.896781712770462E-002;-1.640970259904862E-001;2.773317275568843E-003;-6.907143397256732E-004;
2.440666666666667E+009;7.866464555263519E-002;-1.641975194215775E-001;2.738651353865862E-003;-6.446323823183775E-004;
2.440833333333334E+009;7.832298427820206E-002;-1.644911170005798E-001;2.742255106568337E-003;-7.693625520914793E-004;
2.441000000000000E+009;7.808069884777069E-002;-1.643128842115402E-001;2.746191108599305E-003;-9.347304003313184E-004;
2.441166666666667E+009;7.731246948242188E-002;-1.645002514123917E-001;2.784870332106948E-003;-9.053764515556395E-004;
2.441333333333334E+009;7.697725296020508E-002;-1.643654108047485E-001;2.749317092821002E-003;-9.465589537285268E-004;
2.441500000000000E+009;7.644756138324738E-002;-1.641293615102768E-001;2.696893876418471E-003;-9.414507076144218E-004;
2.441666666666667E+009;7.575099915266037E-002;-1.639915108680725E-001;2.791883423924446E-003;-9.494460537098348E-004;
2.441833333333334E+009;7.526448369026184E-002;-1.638173907995224E-001;2.793184248730540E-003;-1.142925582826138E-003;
2.442000000000000E+009;7.445137202739716E-002;-1.637325286865234E-001;2.848570002242923E-003;-1.123992376960814E-003;
2.442166666666667E+009;7.378765195608139E-002;-1.633383035659790E-001;2.673198468983173E-003;-1.160882879048586E-003;
2.442333333333334E+009;7.312383502721787E-002;-1.629685908555985E-001;2.766089281067252E-003;-1.265502185560763E-003;
2.442500000000000E+009;7.222370058298111E-002;-1.626422852277756E-001;2.650224370881915E-003;-1.293201115913689E-003;
2.442666666666667E+009;7.137743383646011E-002;-1.622494608163834E-001;2.806564560160041E-003;-1.361588831059635E-003;
2.442833333333334E+009;7.058802992105484E-002;-1.620140224695206E-001;2.643266925588250E-003;-1.389460288919509E-003;
2.443000000000000E+009;6.941051036119461E-002;-1.616165935993195E-001;2.793717198073864E-003;-1.594370929524303E-003;
2.443166666666667E+009;6.847417354583740E-002;-1.614121645689011E-001;2.840313827618957E-003;-1.525400439277291E-003;
2.443333333333334E+009;6.741098314523697E-002;-1.609451770782471E-001;2.742140088230372E-003;-1.688141259364784E-003;
2.443500000000000E+009;6.644377112388611E-002;-1.607881337404251E-001;2.654438372701407E-003;-1.844927901402116E-003;
2.443666666666667E+009;6.537888199090958E-002;-1.605616807937622E-001;2.756844740360975E-003;-1.863620593212545E-003;
2.443833333333334E+009;6.414800137281418E-002;-1.605879813432694E-001;2.851142082363367E-003;-1.940246555022895E-003;
2.444000000000000E+009;6.299143284559250E-002;-1.604216098785400E-001;2.769726328551769E-003;-2.118534408509731E-003;
2.444166666666667E+009;6.158325076103210E-002;-1.603610515594482E-001;2.746822545304894E-003;-2.289892639964819E-003;
2.444333333333334E+009;6.066303700208664E-002;-1.605340093374252E-001;2.844172297045589E-003;-2.364380285143852E-003;
2.444500000000000E+009;5.931511521339417E-002;-1.608026325702667E-001;2.725102705881000E-003;-2.424969337880611E-003;
2.444666666666667E+009;5.811495706439018E-002;-1.608797907829285E-001;2.603410510346293E-003;-2.705867402255535E-003;
2.444833333333334E+009;5.679917708039284E-002;-1.613003611564636E-001;2.660020487383008E-003;-2.770202234387398E-003;
2.445000000000000E+009;5.558110028505325E-002;-1.615686565637589E-001;2.482537413015962E-003;-3.010336542502046E-003;
2.445166666666667E+009;5.416431650519371E-002;-1.619490832090378E-001;2.460467861965299E-003;-2.907934365794063E-003;
2.445333333333334E+009;5.278977006673813E-002;-1.623495966196060E-001;2.334981923922896E-003;-3.115891013294458E-003;
2.445500000000000E+009;5.144771933555603E-002;-1.629339307546616E-001;2.222513314336538E-003;-3.360132221132517E-003;
2.445666666666667E+009;5.027154460549355E-002;-1.634908616542816E-001;2.099224831908941E-003;-3.393213963136077E-003;
2.445833333333334E+009;4.877003654837608E-002;-1.642863303422928E-001;1.934558618813753E-003;-3.590534674003720E-003;
2.446000000000000E+009;4.751806333661079E-002;-1.648776680231094E-001;1.799144549295306E-003;-3.611406777054071E-003;
2.446166666666667E+009;4.646809771656990E-002;-1.656842380762100E-001;1.493483083322644E-003;-3.782559651881456E-003;
2.446333333333334E+009;4.508994147181511E-002;-1.664721667766571E-001;1.519968966022134E-003;-3.945172764360905E-003;
2.446500000000000E+009;4.386971145868301E-002;-1.670902520418167E-001;1.318578142672777E-003;-3.819498931989074E-003;
2.446666666666667E+009;4.269992560148239E-002;-1.680472344160080E-001;1.085473690181971E-003;-3.922590054571629E-003;
2.446833333333334E+009;4.175239801406860E-002;-1.686884611845017E-001;8.850549347698689E-004;-3.995986189693213E-003;
2.447000000000000E+009;4.032280668616295E-002;-1.694739311933518E-001;8.423005347140133E-004;-3.953902982175350E-003;
2.447166666666667E+009;3.935093060135841E-002;-1.702623069286346E-001;6.494810222648084E-004;-3.852671245113015E-003;
2.447333333333334E+009;3.836761787533760E-002;-1.709107309579849E-001;3.428249910939485E-004;-3.853435860946775E-003;
2.447500000000000E+009;3.773255646228790E-002;-1.717830896377564E-001;7.523480599047616E-005;-3.837723517790437E-003;
2.447666666666667E+009;3.682593256235123E-002;-1.725814938545227E-001;8.883993723429740E-005;-3.785775974392891E-003;
2.447833333333334E+009;3.601446002721787E-002;-1.734937727451325E-001;-1.126284550991841E-004;-3.743700915947557E-003;
2.448000000000000E+009;3.543519601225853E-002;-1.741205602884293E-001;-2.286196977365762E-004;-3.790639806538820E-003;
2.448166666666667E+009;3.466817736625671E-002;-1.750020384788513E-001;-3.365734010003507E-004;-3.676903666928411E-003;
2.448333333333334E+009;3.419326245784760E-002;-1.755951046943665E-001;-4.960878286510706E-004;-3.708123927935958E-003;
2.448500000000000E+009;3.375684842467308E-002;-1.764215826988220E-001;-6.153303547762334E-004;-3.482250962406397E-003;
2.448666666666667E+009;3.307156637310982E-002;-1.768311858177185E-001;-6.772860651835799E-004;-3.387775039300323E-003;
2.448833333333334E+009;3.272371739149094E-002;-1.777582764625549E-001;-7.961604860611260E-004;-3.307312726974487E-003;
2.449000000000000E+009;3.223412856459618E-002;-1.780290305614471E-001;-8.660723106004298E-004;-3.366340417414904E-003;
2.449166666666667E+009;3.172530233860016E-002;-1.787464767694473E-001;-1.035470282658935E-003;-3.234908683225513E-003;
2.449333333333334E+009;3.151904791593552E-002;-1.792287826538086E-001;-1.036464935168624E-003;-3.238140605390072E-003;
2.449500000000000E+009;3.089954145252705E-002;-1.796481609344482E-001;-1.135578262619674E-003;-3.077266272157431E-003;
2.449666666666667E+009;3.070411458611488E-002;-1.800442337989807E-001;-1.151669071987271E-003;-2.920571714639664E-003;
2.449833333333334E+009;3.007365018129349E-002;-1.805668175220490E-001;-1.136557781137526E-003;-2.922612940892577E-003;
2.450000000000000E+009;2.968031354248524E-002;-1.808274239301682E-001;-1.246498082764447E-003;-2.840984147042036E-003;
2.450166666666667E+009;2.936746552586556E-002;-1.811135858297348E-001;-1.318819937296212E-003;-2.729047555476427E-003;
2.450333333333334E+009;2.891892194747925E-002;-1.811817288398743E-001;-1.248327782377601E-003;-2.654290525242686E-003;
2.450500000000000E+009;2.844237349927425E-002;-1.812371462583542E-001;-1.233359333127737E-003;-2.573389559984207E-003;
2.450666666666667E+009;2.803894504904747E-002;-1.812915503978729E-001;-1.290953368879855E-003;-2.444725716486573E-003;
2.450833333333334E+009;2.732733450829983E-002;-1.811919510364533E-001;-1.385366078466177E-003;-2.484075259417296E-003;
2.451000000000000E+009;2.686403319239616E-002;-1.810322403907776E-001;-1.203946536406875E-003;-2.292852383106947E-003;
2.451166666666667E+009;2.632097527384758E-002;-1.809135377407074E-001;-1.334461150690913E-003;-2.503548981621862E-003;
2.451333333333334E+009;2.580315619707108E-002;-1.807515770196915E-001;-1.285799546167254E-003;-2.389542292803526E-003;
2.451500000000000E+009;2.504879981279373E-002;-1.805023401975632E-001;-1.401521032676101E-003;-2.414839342236519E-003;
2.451666666666667E+009;2.419418841600418E-002;-1.800736337900162E-001;-1.340835704468191E-003;-2.445045160129666E-003;
2.451833333333334E+009;2.361068874597549E-002;-1.798381060361862E-001;-1.426978386007249E-003;-2.447828417643905E-003;
2.452000000000000E+009;2.300341427326202E-002;-1.794626116752625E-001;-1.404640614055097E-003;-2.491310937330127E-003;
2.452166666666667E+009;2.207436412572861E-002;-1.791362017393112E-001;-1.433940720744431E-003;-2.435073954984546E-003;
2.452333333333334E+009;2.116195112466812E-002;-1.789155155420303E-001;-1.562605379149318E-003;-2.460971474647522E-003;
2.452500000000000E+009;2.029246836900711E-002;-1.784418076276779E-001;-1.518488978035748E-003;-2.534986240789294E-003;
2.452666666666667E+009;1.934350095689297E-002;-1.780348569154739E-001;-1.599088544026017E-003;-2.484632888808847E-003;
2.452833333333334E+009;1.829128153622150E-002;-1.777511686086655E-001;-1.623748335987330E-003;-2.521360525861383E-003;
2.453000000000000E+009;1.728294789791107E-002;-1.774643659591675E-001;-1.635633292607963E-003;-2.661374164745212E-003;
2.453166666666667E+009;1.616928167641163E-002;-1.772576719522476E-001;-1.603627577424049E-003;-2.530773635953665E-003;
2.453333333333334E+009;1.509686652570963E-002;-1.768506169319153E-001;-1.703183515928686E-003;-2.676041563972831E-003;
2.453500000000000E+009;1.395212858915329E-002;-1.768262684345245E-001;-1.925365766510367E-003;-2.653985051438212E-003;
2.453666666666667E+009;1.257727202028036E-002;-1.764747351408005E-001;-1.888048951514065E-003;-2.642859471961856E-003;
2.453833333333334E+009;1.129976008087397E-002;-1.764727383852005E-001;-2.008830429986119E-003;-2.668571891263127E-003;
2.454000000000000E+009;9.891222231090069E-003;-1.761547327041626E-001;-2.167518250644207E-003;-2.536291023716331E-003;
2.454166666666667E+009;8.497973904013634E-003;-1.761624068021774E-001;-2.300873631611466E-003;-2.461981028318405E-003;
2.454333333333334E+009;7.189156487584114E-003;-1.762699484825134E-001;-2.478334354236722E-003;-2.546020550653338E-003;
2.454500000000000E+009;5.748374387621880E-003;-1.762822270393372E-001;-2.538214437663555E-003;-2.500914037227631E-003;
2.454666666666667E+009;4.322674591094255E-003;-1.764224916696549E-001;-2.551472745835781E-003;-2.379358978942037E-003;
2.454833333333334E+009;2.994311740621924E-003;-1.763992607593536E-001;-2.835613442584872E-003;-2.353772288188338E-003;
2.455000000000000E+009;1.587487524375320E-003;-1.767268925905228E-001;-2.859365195035934E-003;-2.352074952796102E-003;
2.455166666666667E+009;-1.573235749674495E-005;-1.769365072250366E-001;-3.086809534579516E-003;-2.232537604868412E-003;
2.455333333333334E+009;-1.414192724041641E-003;-1.771302372217178E-001;-3.171458840370178E-003;-2.234123181551695E-003;
2.455500000000000E+009;-2.957744523882866E-003;-1.775095015764237E-001;-3.418291453272104E-003;-2.135302172973752E-003;
2.455666666666667E+009;-4.329837393015623E-003;-1.776352077722549E-001;-3.341534873470664E-003;-1.983277034014463E-003;
2.455833333333334E+009;-5.521525163203478E-003;-1.780762523412705E-001;-3.462913911789656E-003;-1.800300320610404E-003;
2.456000000000000E+009;-6.908442825078964E-003;-1.782978028059006E-001;-3.707852680236101E-003;-1.623218879103661E-003;
2.456166666666667E+009;-8.078837767243385E-003;-1.787477731704712E-001;-3.538044868037105E-003;-1.658508554100990E-003;
2.456333333333334E+009;-9.303605183959007E-003;-1.793392449617386E-001;-3.684025024995208E-003;-1.390619552694261E-003;
2.456500000000000E+009;-1.061394996941090E-002;-1.796021163463593E-001;-3.846356179565191E-003;-1.366009470075369E-003;
2.456666666666667E+009;-1.178790256381035E-002;-1.800917237997055E-001;-3.778257640078664E-003;-1.227913890033960E-003;
2.456833333333334E+009;-1.280534826219082E-002;-1.804448068141937E-001;-3.824532032012940E-003;-1.069139339961112E-003;
2.457000000000000E+009;-1.393860578536987E-002;-1.809242963790894E-001;-3.786576911807060E-003;-9.306794963777065E-004;
2.457166666666667E+009;-1.493614912033081E-002;-1.813026368618012E-001;-3.971019294112921E-003;-6.537365843541920E-004;
2.457333333333334E+009;-1.554355304688215E-002;-1.817715466022492E-001;-3.861674107611179E-003;-7.316691917367280E-004;
2.457500000000000E+009;-1.660781726241112E-002;-1.820242106914520E-001;-4.120759665966034E-003;-6.366242305375636E-004;
2.457666666666667E+009;-1.718113385140896E-002;-1.826086789369583E-001;-4.032040946185589E-003;-2.548802585806698E-004;
2.457833333333334E+009;-1.801860146224499E-002;-1.828472018241882E-001;-3.971205092966557E-003;-1.701792498352006E-004;
2.458000000000000E+009;-1.854563131928444E-002;-1.830472201108933E-001;-3.980068024247885E-003;-1.150142925325781E-004;
2.458166666666667E+009;-1.921103522181511E-002;-1.833447217941284E-001;-4.079760517925024E-003;-3.634970926214010E-005;
2.458333333333334E+009;-1.978595927357674E-002;-1.836360096931458E-001;-3.976491279900074E-003;7.306039333343506E-005;
2.458500000000000E+009;-2.022709138691425E-002;-1.837482750415802E-001;-3.861997975036502E-003;2.532495709601790E-004;
2.458666666666667E+009;-2.079796046018601E-002;-1.838355213403702E-001;-3.845168510451913E-003;1.873193250503391E-004;
2.458833333333334E+009;-2.110178954899311E-002;-1.839512884616852E-001;-3.984273876994848E-003;3.876982082147151E-004;
2.459000000000000E+009;-2.154891937971115E-002;-1.839257478713989E-001;-3.841907484456897E-003;5.351146101020277E-004;
2.459166666666667E+009;-2.188286371529102E-002;-1.839667707681656E-001;-3.761060070246458E-003;6.724867271259427E-004;
2.459333333333334E+009;-2.212990634143353E-002;-1.835367232561112E-001;-3.785399254411459E-003;9.284524130634964E-004;
2.459500000000000E+009;-2.227321639657021E-002;-1.835355162620544E-001;-3.750065341591835E-003;7.986710988916457E-004;
2.459666666666667E+009;-2.278405800461769E-002;-1.830613017082214E-001;-3.614963963627815E-003;9.216009057126939E-004;
2.459833333333334E+009;-2.311457321047783E-002;-1.829568445682526E-001;-3.676052903756499E-003;1.022213022224605E-003;
2.460000000000000E+009;-2.322544530034065E-002;-1.823778301477432E-001;-3.718375228345394E-003;1.161828753538430E-003;
2.460166666666667E+009;-2.381745353341103E-002;-1.817269176244736E-001;-3.564163576811552E-003;1.270282082259655E-003;
2.460333333333334E+009;-2.376657910645008E-002;-1.812084317207336E-001;-3.557977266609669E-003;1.238019787706435E-003;
2.460500000000000E+009;-2.437663078308106E-002;-1.806234717369080E-001;-3.584343474358320E-003;1.357284723781049E-003;
2.460666666666667E+009;-2.483728528022766E-002;-1.797751188278198E-001;-3.615570021793246E-003;1.308899023570120E-003;
2.460833333333334E+009;-2.515360154211521E-002;-1.788078993558884E-001;-3.569558495655656E-003;1.541666220873594E-003;
2.461000000000000E+009;-2.560081891715527E-002;-1.782260537147522E-001;-3.553721820935607E-003;1.667817356064916E-003;
2.461166666666667E+009;-2.593492157757282E-002;-1.772622317075729E-001;-3.547987435013056E-003;1.615880639292300E-003;
2.461333333333334E+009;-2.676524780690670E-002;-1.763260066509247E-001;-3.663919633254409E-003;1.687166281044483E-003;
2.461500000000000E+009;-2.717385068535805E-002;-1.752676963806152E-001;-3.615406341850758E-003;1.879637828096747E-003;
2.461666666666667E+009;-2.802264131605625E-002;-1.743679046630859E-001;-3.673672908917069E-003;1.971614779904485E-003;
2.461833333333334E+009;-2.871565334498882E-002;-1.734835356473923E-001;-3.675332525745034E-003;2.003435045480728E-003;
2.462000000000000E+009;-2.935690805315971E-002;-1.725082695484161E-001;-3.806256921961904E-003;2.025987021625042E-003;
2.462166666666667E+009;-3.034444712102413E-002;-1.715011745691299E-001;-3.693826496601105E-003;2.286656061187387E-003;
2.462333333333334E+009;-3.145240619778633E-002;-1.705536246299744E-001;-3.836921649053693E-003;2.411879366263747E-003;
2.462500000000000E+009;-3.254868462681770E-002;-1.694375127553940E-001;-3.727640258148313E-003;2.718671225011349E-003;
2.462666666666667E+009;-3.355747833848000E-002;-1.684840619564056E-001;-3.687746822834015E-003;2.733531640842557E-003;
2.462833333333334E+009;-3.494312614202499E-002;-1.674794703722000E-001;-3.628864651545882E-003;3.054502885788679E-003;
2.463000000000000E+009;-3.628746792674065E-002;-1.664117723703384E-001;-3.632782027125359E-003;3.248776309192181E-003;
2.463166666666667E+009;-3.781384229660034E-002;-1.655131280422211E-001;-3.560496494174004E-003;3.467356553301215E-003;
2.463333333333334E+009;-3.925649076700211E-002;-1.648609340190888E-001;-3.455405589193106E-003;3.692182479426265E-003;
2.463500000000000E+009;-4.097372666001320E-002;-1.638797074556351E-001;-3.294698428362608E-003;3.841222496703267E-003;
2.463666666666667E+009;-4.277208819985390E-002;-1.634112596511841E-001;-3.142177825793624E-003;4.026944283396006E-003;
2.463833333333334E+009;-4.443266987800598E-002;-1.623927056789398E-001;-3.107535885646939E-003;4.145825747400522E-003;
2.464000000000000E+009;-4.625722020864487E-002;-1.617786735296249E-001;-3.011163324117661E-003;4.505457356572151E-003;
2.464166666666667E+009;-4.814842715859413E-002;-1.611839234828949E-001;-2.701851539313793E-003;4.672450944781303E-003;
2.464333333333334E+009;-5.022531002759934E-002;-1.605132967233658E-001;-2.450924366712570E-003;4.965926054865122E-003;
2.464500000000000E+009;-5.199936777353287E-002;-1.601169705390930E-001;-2.210510428994894E-003;4.971530288457871E-003;
2.464666666666667E+009;-5.418281257152557E-002;-1.596242785453796E-001;-1.961119472980499E-003;5.111292470246553E-003;
2.464833333333334E+009;-5.601319670677185E-002;-1.593517810106278E-001;-1.785801723599434E-003;5.171700380742550E-003;
2.465000000000000E+009;-5.807194113731384E-002;-1.590745449066162E-001;-1.353569794446230E-003;5.368163343518972E-003;
2.465166666666667E+009;-6.016210466623306E-002;-1.587694287300110E-001;-1.042726333253086E-003;5.392925348132849E-003;
2.465333333333334E+009;-6.215726956725121E-002;-1.587005257606506E-001;-9.017377742566168E-004;5.562961567193270E-003;
2.465500000000000E+009;-6.398793309926987E-002;-1.586047261953354E-001;-4.509327118285000E-004;5.477539729326963E-003;
2.465666666666667E+009;-6.611157953739166E-002;-1.585177332162857E-001;-2.855404745787382E-004;5.513728130608797E-003;
2.465833333333334E+009;-6.800716370344162E-002;-1.587238460779190E-001;8.283479837700725E-005;5.396360531449318E-003;
2.466000000000000E+009;-6.959810107946396E-002;-1.587896645069122E-001;3.944087075069547E-004;5.302715115249157E-003;
2.466166666666667E+009;-7.143917679786682E-002;-1.590237617492676E-001;6.696124328300357E-004;5.153868347406387E-003;
2.466333333333334E+009;-7.308541983366013E-002;-1.593893766403198E-001;9.130853577516973E-004;5.032168235629797E-003;
2.466500000000000E+009;-7.472604513168335E-002;-1.597282290458679E-001;1.039190334267914E-003;4.921015817672014E-003;
2.466666666666667E+009;-7.619090378284454E-002;-1.601370573043823E-001;1.214405405335128E-003;4.786237142980099E-003;
2.466833333333334E+009;-7.765731215476990E-002;-1.605634540319443E-001;1.316846348345280E-003;4.467716440558434E-003;
2.467000000000000E+009;-7.889682054519653E-002;-1.609510481357575E-001;1.509265508502722E-003;4.316645208746195E-003;
2.467166666666667E+009;-8.023398369550705E-002;-1.614746302366257E-001;1.647008699364960E-003;4.343611188232899E-003;
2.467333333333334E+009;-8.143762499094009E-002;-1.620556861162186E-001;1.887232181616128E-003;3.972989507019520E-003;
2.467500000000000E+009;-8.226319402456284E-002;-1.625234782695770E-001;1.962533220648766E-003;3.796018660068512E-003;
2.467666666666667E+009;-8.324311673641205E-002;-1.630803048610687E-001;1.921274350024760E-003;3.680638503283262E-003;
2.467833333333334E+009;-8.413907885551453E-002;-1.636041551828384E-001;1.934693078510463E-003;3.548782784491777E-003;
2.468000000000000E+009;-8.482584357261658E-002;-1.643934398889542E-001;1.995536033064127E-003;3.220039186999202E-003;
2.468166666666667E+009;-8.550856262445450E-002;-1.647301167249680E-001;2.176666399464011E-003;3.242952516302466E-003;
2.468333333333334E+009;-8.617265522480011E-002;-1.652259528636932E-001;2.037477213889360E-003;3.092308528721333E-003;
2.468500000000000E+009;-8.672572672367096E-002;-1.655694991350174E-001;2.030857140198350E-003;2.914410782977939E-003;
2.468666666666667E+009;-8.712233603000641E-002;-1.658386886119843E-001;1.979866297915578E-003;2.757959999144077E-003;
2.468833333333334E+009;-8.728393167257309E-002;-1.661951094865799E-001;1.986279617995024E-003;2.731853164732456E-003;
2.469000000000000E+009;-8.760323375463486E-002;-1.664640605449677E-001;2.052971394732595E-003;2.616319572553039E-003;
2.469166666666667E+009;-8.771099895238876E-002;-1.668380051851273E-001;1.943845301866531E-003;2.509194659069181E-003;
2.469333333333334E+009;-8.767770230770111E-002;-1.667829006910324E-001;1.997082727029920E-003;2.472765045240521E-003;
2.469500000000000E+009;-8.778698742389679E-002;-1.666359305381775E-001;2.050878712907434E-003;2.283570123836398E-003;
2.469666666666667E+009;-8.789801597595215E-002;-1.666288524866104E-001;1.989491749554873E-003;2.430902794003487E-003;
2.469833333333334E+009;-8.779619634151459E-002;-1.665539741516113E-001;1.995208673179150E-003;2.282242756336927E-003;
2.470000000000000E+009;-8.752213418483734E-002;-1.662796586751938E-001;2.080290811136365E-003;2.212146762758493E-003;
2.470166666666667E+009;-8.746793121099472E-002;-1.660275161266327E-001;1.907929312437773E-003;2.105239080265164E-003;
2.470333333333334E+009;-8.730541914701462E-002;-1.655733883380890E-001;1.908804522827268E-003;2.184684854000807E-003;
2.470500000000000E+009;-8.729632943868637E-002;-1.650225371122360E-001;1.952442340552807E-003;2.210408682003617E-003;
2.470666666666667E+009;-8.701173216104507E-002;-1.644610017538071E-001;1.914626336656511E-003;2.110922709107399E-003;
2.470833333333334E+009;-8.720344305038452E-002;-1.638184636831284E-001;1.821595593355596E-003;2.025496680289507E-003;
2.471000000000000E+009;-8.707119524478912E-002;-1.629250943660736E-001;1.936365384608507E-003;2.006455557420850E-003;
2.471166666666667E+009;-8.706918358802795E-002;-1.619813591241837E-001;1.802283455617726E-003;2.165955957025290E-003;
2.471333333333334E+009;-8.725313842296600E-002;-1.609761565923691E-001;1.747436239384115E-003;2.025261521339417E-003;
2.471500000000000E+009;-8.728469163179398E-002;-1.600545346736908E-001;1.649545272812247E-003;2.078176941722632E-003;
2.471666666666667E+009;-8.732937276363373E-002;-1.587042659521103E-001;1.728340168483555E-003;2.174458000808954E-003;
2.471833333333334E+009;-8.771304786205292E-002;-1.572352796792984E-001;1.804461935535073E-003;2.219650428742170E-003;
2.472000000000000E+009;-8.790312707424164E-002;-1.559201031923294E-001;1.827233587391675E-003;2.376297255977988E-003;
2.472166666666667E+009;-8.818462491035461E-002;-1.543987691402435E-001;1.743871835060418E-003;2.323494059965015E-003;
2.472333333333334E+009;-8.884972333908081E-002;-1.531270444393158E-001;1.952591235749424E-003;2.312028314918280E-003;
2.472500000000000E+009;-8.914861828088760E-002;-1.513322889804840E-001;1.834945520386100E-003;2.476151566952467E-003;
2.472666666666667E+009;-8.972106873989105E-002;-1.496975719928742E-001;1.993124606087804E-003;2.604269422590733E-003;
2.472833333333334E+009;-9.059131890535355E-002;-1.479372680187225E-001;2.033792668953538E-003;2.694724826142192E-003;
2.473000000000000E+009;-9.102394431829453E-002;-1.464034318923950E-001;2.098319586366415E-003;2.805258845910430E-003;
2.473166666666667E+009;-9.220632910728455E-002;-1.447026729583740E-001;2.348495181649923E-003;2.880740677937865E-003;
2.473333333333334E+009;-9.289689362049103E-002;-1.427904665470123E-001;2.461125608533621E-003;2.800694899633527E-003;
2.473500000000000E+009;-9.407885372638702E-002;-1.409505605697632E-001;2.561200410127640E-003;2.930752467364073E-003;
2.473666666666667E+009;-9.512507915496826E-002;-1.392247825860977E-001;2.766432473435998E-003;3.018283518031240E-003;
2.473833333333334E+009;-9.632742404937744E-002;-1.376515477895737E-001;3.044251119717956E-003;3.081300761550665E-003;
2.474000000000000E+009;-9.764464944601059E-002;-1.358782052993774E-001;3.373098559677601E-003;3.206150839105249E-003;
2.474166666666667E+009;-9.875782579183579E-002;-1.340641379356384E-001;3.636213485151529E-003;3.129369346424937E-003;
2.474333333333334E+009;-1.003524288535118E-001;-1.322935521602631E-001;3.896850394085050E-003;3.083870513364673E-003;
2.474500000000000E+009;-1.020128056406975E-001;-1.308476924896240E-001;4.246679600328207E-003;2.867530798539519E-003;
2.474666666666667E+009;-1.033255383372307E-001;-1.293201446533203E-001;4.334551282227039E-003;2.845192095264792E-003;
2.474833333333334E+009;-1.050143986940384E-001;-1.277853399515152E-001;4.816578235477209E-003;2.702595433220267E-003;
2.475000000000000E+009;-1.065559834241867E-001;-1.263519525527954E-001;5.073692183941603E-003;2.518717665225267E-003;
2.475166666666667E+009;-1.082853525876999E-001;-1.250959634780884E-001;5.149296950548887E-003;2.216455526649952E-003;
2.475333333333334E+009;-1.098365411162376E-001;-1.237438693642616E-001;5.567776970565319E-003;1.889988547191024E-003;
2.475500000000000E+009;-1.115833371877670E-001;-1.225041374564171E-001;5.712481681257486E-003;1.646647928282619E-003;
2.475666666666667E+009;-1.131978929042816E-001;-1.215450689196587E-001;5.867421627044678E-003;1.244836486876011E-003;
2.475833333333334E+009;-1.149661764502525E-001;-1.205637678503990E-001;6.074728444218636E-003;7.348332437686622E-004;
2.476000000000000E+009;-1.166653260588646E-001;-1.196486428380013E-001;6.107314024120569E-003;5.419444642029703E-004;
2.476166666666667E+009;-1.185038834810257E-001;-1.190191730856895E-001;6.178291980177164E-003;1.476414909120649E-004;
2.476333333333334E+009;-1.200998425483704E-001;-1.183735951781273E-001;6.156076211482287E-003;-2.579455904196948E-004;
2.476500000000000E+009;-1.218315735459328E-001;-1.176642775535584E-001;5.963053088635206E-003;-5.708634271286428E-004;
2.476666666666667E+009;-1.233525648713112E-001;-1.173403337597847E-001;6.096004042774439E-003;-8.731567068025470E-004;
2.476833333333334E+009;-1.250520795583725E-001;-1.169455647468567E-001;6.043589208275080E-003;-1.457663485780358E-003;
2.477000000000000E+009;-1.266838163137436E-001;-1.166138127446175E-001;5.969604942947626E-003;-1.518075936473906E-003;
2.477166666666667E+009;-1.282050758600235E-001;-1.164706945419312E-001;5.760201718658209E-003;-1.883280696347356E-003;
2.477333333333334E+009;-1.295447796583176E-001;-1.162308305501938E-001;5.405818577855825E-003;-2.139160409569740E-003;
2.477500000000000E+009;-1.313394755125046E-001;-1.160995066165924E-001;5.286570172756910E-003;-2.389763481914997E-003;
2.477666666666667E+009;-1.326587349176407E-001;-1.160876527428627E-001;5.330384243279696E-003;-2.719598356634378E-003;
2.477833333333334E+009;-1.338621675968170E-001;-1.159700155258179E-001;4.933025687932968E-003;-2.945860149338841E-003;
2.478000000000000E+009;-1.351444274187088E-001;-1.161792352795601E-001;4.791497718542814E-003;-3.191944910213351E-003;
2.478166666666667E+009;-1.363529264926910E-001;-1.160027757287026E-001;4.657083656638861E-003;-3.318650415167213E-003;
2.478333333333334E+009;-1.374220550060272E-001;-1.157410666346550E-001;4.087792243808508E-003;-3.519271966069937E-003;
2.478500000000000E+009;-1.383962482213974E-001;-1.158342957496643E-001;3.926790785044432E-003;-3.569846739992499E-003;
2.478666666666667E+009;-1.392035782337189E-001;-1.157551184296608E-001;3.689068602398038E-003;-3.715599188581109E-003;
2.478833333333334E+009;-1.399301439523697E-001;-1.155240163207054E-001;3.396298270672560E-003;-3.755174344405532E-003;
2.479000000000000E+009;-1.406024843454361E-001;-1.154516339302063E-001;3.019384806975722E-003;-3.843555459752679E-003;
2.479166666666667E+009;-1.411068886518478E-001;-1.153800860047340E-001;2.896531252190471E-003;-3.895514877513051E-003;
2.479333333333334E+009;-1.417869478464127E-001;-1.149394586682320E-001;2.572772558778524E-003;-3.852458903566003E-003;
2.479500000000000E+009;-1.421070098876953E-001;-1.147368699312210E-001;2.244787989184260E-003;-3.600417403504252E-003;
2.479666666666667E+009;-1.424087136983872E-001;-1.144399344921112E-001;2.013202989473939E-003;-3.718523541465402E-003;
2.479833333333334E+009;-1.425963938236237E-001;-1.139319762587547E-001;1.826564199291170E-003;-3.643754404038191E-003;
2.480000000000000E+009;-1.428381204605103E-001;-1.135445833206177E-001;1.704313559457660E-003;-3.475607372820377E-003;
2.480166666666667E+009;-1.428833156824112E-001;-1.129960343241692E-001;1.698485342785716E-003;-3.288979409262538E-003;
2.480333333333334E+009;-1.427001655101776E-001;-1.124428957700729E-001;1.245475839823484E-003;-3.167697461321950E-003;
2.480500000000000E+009;-1.426900178194046E-001;-1.117395162582398E-001;1.294606830924749E-003;-3.215558826923370E-003;
2.480666666666667E+009;-1.424185633659363E-001;-1.109757721424103E-001;1.114913262426853E-003;-3.119730157777667E-003;
2.480833333333334E+009;-1.424635946750641E-001;-1.102677285671234E-001;1.116894185543060E-003;-2.855229657143354E-003;
2.481000000000000E+009;-1.422875672578812E-001;-1.093419343233109E-001;1.033562584780157E-003;-2.743295161053538E-003;
2.481166666666667E+009;-1.420876681804657E-001;-1.082269772887230E-001;1.001561759039760E-003;-2.589968964457512E-003;
2.481333333333334E+009;-1.416622698307037E-001;-1.071909070014954E-001;9.764672140590847E-004;-2.553194761276245E-003;
2.481500000000000E+009;-1.416833549737930E-001;-1.061363741755486E-001;9.374971850775182E-004;-2.303516026586294E-003;
2.481666666666667E+009;-1.412115544080734E-001;-1.048362329602242E-001;1.166210975497961E-003;-2.311260439455509E-003;
2.481833333333334E+009;-1.411615759134293E-001;-1.037304177880287E-001;1.030285144224763E-003;-2.162395045161247E-003;
2.482000000000000E+009;-1.409241259098053E-001;-1.023020446300507E-001;1.151580130681396E-003;-2.249790588393807E-003;
2.482166666666667E+009;-1.408017128705978E-001;-1.008858308196068E-001;1.136823673732579E-003;-2.088853158056736E-003;
2.482333333333334E+009;-1.404801458120346E-001;-9.936856478452683E-002;1.197742298245430E-003;-2.112626796588302E-003;
2.482500000000000E+009;-1.404172480106354E-001;-9.798628836870194E-002;1.260483986698091E-003;-2.132671652361751E-003;
2.482666666666667E+009;-1.404437869787216E-001;-9.646291285753250E-002;1.424140762537718E-003;-2.091959351673722E-003;
2.482833333333334E+009;-1.404075473546982E-001;-9.477355331182480E-002;1.495756208896637E-003;-2.019164385274053E-003;
2.483000000000000E+009;-1.405037641525269E-001;-9.291291236877441E-002;1.615002285689116E-003;-2.279748674482107E-003;
2.483166666666667E+009;-1.405698060989380E-001;-9.131313115358353E-002;1.690565724857152E-003;-2.262944122776389E-003;
2.483333333333334E+009;-1.407695263624191E-001;-8.946123719215393E-002;1.788111985661089E-003;-2.142806537449360E-003;
2.483500000000000E+009;-1.410909593105316E-001;-8.795124292373657E-002;1.899822033010423E-003;-2.227059798315167E-003;
2.483666666666667E+009;-1.411167532205582E-001;-8.594813197851181E-002;1.916752546094358E-003;-2.338088583201170E-003;
2.483833333333334E+009;-1.416240185499191E-001;-8.416195958852768E-002;1.967795426025987E-003;-2.468365477398038E-003;
2.484000000000000E+009;-1.419148147106171E-001;-8.222323656082153E-002;2.068016212433577E-003;-2.561887027695775E-003;
2.484166666666667E+009;-1.424028724431992E-001;-8.038375526666641E-002;2.180082490667701E-003;-2.798287896439433E-003;
2.484333333333334E+009;-1.428474932909012E-001;-7.875873893499374E-002;2.266752766445279E-003;-2.874611644074321E-003;
2.484500000000000E+009;-1.433445811271668E-001;-7.685191184282303E-002;2.277241321280599E-003;-3.107001306489110E-003;
2.484666666666667E+009;-1.438384801149368E-001;-7.515386492013931E-002;2.420692704617977E-003;-3.305114805698395E-003;
2.484833333333334E+009;-1.444194018840790E-001;-7.324150204658508E-002;2.461281837895513E-003;-3.518886398524046E-003;
2.485000000000000E+009;-1.451924294233322E-001;-7.175292819738388E-002;2.434891648590565E-003;-3.672254038974643E-003;
2.485166666666667E+009;-1.458227038383484E-001;-7.004675269126892E-002;2.458785427734256E-003;-3.955588210374117E-003;
2.485333333333334E+009;-1.465132087469101E-001;-6.854834407567978E-002;2.268879674375057E-003;-4.319100175052881E-003;
2.485500000000000E+009;-1.475185006856918E-001;-6.689829379320145E-002;2.286453498527408E-003;-4.552502185106278E-003;
2.485666666666667E+009;-1.481709629297257E-001;-6.559897959232330E-002;2.148168394342065E-003;-4.733132198452950E-003;
2.485833333333334E+009;-1.492031365633011E-001;-6.431481242179871E-002;2.164835343137384E-003;-5.248520523309708E-003;
2.486000000000000E+009;-1.500317603349686E-001;-6.301435083150864E-002;1.850549015216529E-003;-5.383371375501156E-003;
2.486166666666667E+009;-1.507477313280106E-001;-6.169356778264046E-002;1.610532519407570E-003;-5.613331217318773E-003;
2.486333333333334E+009;-1.517412066459656E-001;-6.047353893518448E-002;1.337395980954170E-003;-5.922989454120398E-003;
2.486500000000000E+009;-1.528197377920151E-001;-5.928621068596840E-002;1.147233066149056E-003;-6.173123139888048E-003;
2.486666666666667E+009;-1.536757051944733E-001;-5.826446413993835E-002;8.257139706984162E-004;-6.461632438004017E-003;
2.486833333333334E+009;-1.546559035778046E-001;-5.718199163675308E-002;4.926727269776166E-004;-6.513226777315140E-003;
2.487000000000000E+009;-1.554673910140991E-001;-5.637781694531441E-002;6.793401553295553E-005;-6.843471433967352E-003;
2.487166666666667E+009;-1.564403474330902E-001;-5.543673411011696E-002;-2.487850724719465E-004;-7.018880452960730E-003;
2.487333333333334E+009;-1.572916209697723E-001;-5.458108708262444E-002;-7.266423199325800E-004;-7.263172417879105E-003;
2.487500000000000E+009;-1.579798161983490E-001;-5.335280671715736E-002;-1.179415616206825E-003;-7.123619318008423E-003;
2.487666666666667E+009;-1.588695347309113E-001;-5.260295793414116E-002;-1.699674758128822E-003;-7.154987193644047E-003;
2.487833333333334E+009;-1.596374213695526E-001;-5.178822949528694E-002;-2.147192601114512E-003;-7.141559850424528E-003;
2.488000000000000E+009;-1.601445227861404E-001;-5.098754912614822E-002;-2.501056762412190E-003;-7.117677945643663E-003;
2.488166666666667E+009;-1.605985909700394E-001;-4.992941021919251E-002;-3.010967979207635E-003;-6.853783503174782E-003;
2.488333333333334E+009;-1.611062884330750E-001;-4.925799369812012E-002;-3.641956718638539E-003;-6.788897793740034E-003;
2.488500000000000E+009;-1.615437120199204E-001;-4.852891713380814E-002;-3.929076250642538E-003;-6.520419381558895E-003;
2.488666666666667E+009;-1.617651134729385E-001;-4.767832905054092E-002;-4.230659455060959E-003;-6.343652959913015E-003;
2.488833333333334E+009;-1.622293293476105E-001;-4.702086746692658E-002;-4.640518222004175E-003;-6.163829471915960E-003;
2.489000000000000E+009;-1.624697744846344E-001;-4.627581685781479E-002;-5.115733481943607E-003;-5.654775071889162E-003;
2.489166666666667E+009;-1.624498516321182E-001;-4.544822126626968E-002;-5.301419179886580E-003;-5.282813683152199E-003;
2.489333333333334E+009;-1.626148521900177E-001;-4.460427910089493E-002;-5.528321024030447E-003;-5.045545753091574E-003;
2.489500000000000E+009;-1.626712977886200E-001;-4.375812783837318E-002;-5.790597293525934E-003;-4.569710697978735E-003;
2.489666666666667E+009;-1.625845432281494E-001;-4.286406189203262E-002;-5.961834453046322E-003;-4.111975431442261E-003;
2.489833333333334E+009;-1.626741737127304E-001;-4.214627668261528E-002;-6.249685306102037E-003;-3.816268173977733E-003;
2.490000000000000E+009;-1.625344604253769E-001;-4.110892489552498E-002;-6.325279362499714E-003;-3.437856910750270E-003;
2.490166666666667E+009;-1.623873263597488E-001;-4.002234339714050E-002;-6.288719363510609E-003;-2.874786034226418E-003;
2.490333333333334E+009;-1.624805033206940E-001;-3.924830630421639E-002;-6.335080135613680E-003;-2.619377104565501E-003;
2.490500000000000E+009;-1.622065305709839E-001;-3.788333013653755E-002;-6.351636257022619E-003;-2.341362414881587E-003;
2.490666666666667E+009;-1.621966212987900E-001;-3.695644438266754E-002;-6.307605188339949E-003;-1.945908414199948E-003;
2.490833333333334E+009;-1.618798077106476E-001;-3.579654917120934E-002;-6.232841406017542E-003;-1.642445102334023E-003;
2.491000000000000E+009;-1.615732610225678E-001;-3.435707092285156E-002;-6.154945585876703E-003;-1.474509015679359E-003;
2.491166666666667E+009;-1.614290475845337E-001;-3.297252580523491E-002;-6.116844713687897E-003;-1.160551561042666E-003;
2.491333333333334E+009;-1.612157225608826E-001;-3.156043216586113E-002;-6.071132607758045E-003;-9.388515027239919E-004;
2.491500000000000E+009;-1.613292694091797E-001;-3.005789034068584E-002;-6.011175923049450E-003;-7.439979817718267E-004;
2.491666666666667E+009;-1.610968410968781E-001;-2.852890081703663E-002;-6.039078813046217E-003;-4.100032965652645E-004;
2.491833333333334E+009;-1.610739380121231E-001;-2.670249715447426E-002;-5.845273844897747E-003;-4.195695146336220E-005;
2.492000000000000E+009;-1.608282178640366E-001;-2.516959607601166E-002;-5.800820887088776E-003;4.028306284453720E-005;
2.492166666666667E+009;-1.608363091945648E-001;-2.334959618747234E-002;-5.714867264032364E-003;3.987792297266424E-004;
2.492333333333334E+009;-1.608761698007584E-001;-2.147310972213745E-002;-5.471758078783751E-003;6.243907846510410E-004;
2.492500000000000E+009;-1.606911271810532E-001;-1.947675086557865E-002;-5.357435438781977E-003;7.257214747369289E-004;
2.492666666666667E+009;-1.605832725763321E-001;-1.736210659146309E-002;-5.246354732662439E-003;8.569452911615372E-004;
2.492833333333334E+009;-1.604807823896408E-001;-1.539790164679289E-002;-5.128258373588324E-003;1.147139817476273E-003;
2.493000000000000E+009;-1.608542054891586E-001;-1.345844101160765E-002;-5.076691042631865E-003;1.368045574054122E-003;
2.493166666666667E+009;-1.607611030340195E-001;-1.147922780364752E-002;-4.791305400431156E-003;1.478593680076301E-003;
2.493333333333334E+009;-1.609615832567215E-001;-9.501400403678417E-003;-4.641323350369930E-003;1.435963786207140E-003;
2.493500000000000E+009;-1.609581112861633E-001;-7.284177001565695E-003;-4.555533640086651E-003;1.660718582570553E-003;
2.493666666666667E+009;-1.614569723606110E-001;-5.333053879439831E-003;-4.302221816033125E-003;1.818113029003143E-003;
2.493833333333334E+009;-1.615449190139771E-001;-3.251322545111179E-003;-4.128483124077320E-003;1.783647341653705E-003;
2.494000000000000E+009;-1.618186533451080E-001;-1.161408261395991E-003;-3.923498094081879E-003;1.838189316913486E-003;
2.494166666666667E+009;-1.620565950870514E-001;9.090378880500794E-004;-3.688293974846602E-003;1.941239694133401E-003;
2.494333333333334E+009;-1.624351739883423E-001;2.657179022207856E-003;-3.606774145737290E-003;1.930054742842913E-003;
2.494500000000000E+009;-1.629239767789841E-001;4.819327034056187E-003;-3.447753144428134E-003;2.070256974548101E-003;
2.494666666666667E+009;-1.633143275976181E-001;6.652730517089367E-003;-3.396938787773252E-003;1.914384076371789E-003;
2.494833333333334E+009;-1.637485772371292E-001;8.417303673923016E-003;-3.305058227851987E-003;1.944214222021401E-003;
2.495000000000000E+009;-1.642652451992035E-001;1.015214435756207E-002;-3.078951733186841E-003;1.928798970766366E-003;
2.495166666666667E+009;-1.647211760282517E-001;1.191757991909981E-002;-3.054752713069320E-003;1.865116064436734E-003;
2.495333333333334E+009;-1.653686910867691E-001;1.359888724982739E-002;-2.772459061816335E-003;1.586347003467381E-003;
2.495500000000000E+009;-1.658459901809692E-001;1.525735482573509E-002;-2.809375990182161E-003;1.723986817523837E-003;
2.495666666666667E+009;-1.663785129785538E-001;1.671356521546841E-002;-2.710913075134158E-003;1.443068147636950E-003;
2.495833333333334E+009;-1.668742895126343E-001;1.811385527253151E-002;-2.818310633301735E-003;1.427144859917462E-003;
2.496000000000000E+009;-1.673432141542435E-001;1.952257566154003E-002;-2.779881237074733E-003;1.231576316058636E-003;
2.496166666666667E+009;-1.679175347089768E-001;2.076706103980541E-002;-2.957568271085620E-003;1.115661114454269E-003;
2.496333333333334E+009;-1.684968769550324E-001;2.205541543662548E-002;-3.093266859650612E-003;1.039043767377734E-003;
2.496500000000000E+009;-1.688319295644760E-001;2.315287664532661E-002;-3.108012489974499E-003;1.059695379808545E-003;
2.496666666666667E+009;-1.695074737071991E-001;2.431844733655453E-002;-3.295649075880647E-003;1.035583904013038E-003;
2.496833333333334E+009;-1.697405874729157E-001;2.531787380576134E-002;-3.456688486039639E-003;9.865963365882635E-004;
2.497000000000000E+009;-1.700558513402939E-001;2.637234330177307E-002;-3.506490960717201E-003;1.099323853850365E-003;
2.497166666666667E+009;-1.704029440879822E-001;2.717693895101547E-002;-3.695677034556866E-003;1.055664615705609E-003;
2.497333333333334E+009;-1.707325726747513E-001;2.823758870363236E-002;-3.875734517350793E-003;1.260151737369597E-003;
2.497500000000000E+009;-1.708453893661499E-001;2.891002409160137E-002;-4.137270618230104E-003;1.494878088124096E-003;
2.497666666666667E+009;-1.707287728786469E-001;2.972855791449547E-002;-4.247356671839953E-003;1.529945875518024E-003;
2.497833333333334E+009;-1.708648651838303E-001;3.067076206207275E-002;-4.299091175198555E-003;1.632485887967050E-003;
2.498000000000000E+009;-1.709370762109757E-001;3.141270950436592E-002;-4.469574894756079E-003;1.917126239277422E-003;
2.498166666666667E+009;-1.705612242221832E-001;3.204471617937088E-002;-4.702160134911537E-003;2.113263588398695E-003;
2.498333333333334E+009;-1.703995913267136E-001;3.281071037054062E-002;-4.643226508051157E-003;2.464208286255598E-003;
2.498500000000000E+009;-1.701600700616837E-001;3.371480107307434E-002;-4.815477877855301E-003;2.823008690029383E-003;
2.498666666666667E+009;-1.695554554462433E-001;3.460919111967087E-002;-4.671712405979633E-003;3.215400269255042E-003;
2.498833333333334E+009;-1.691230684518814E-001;3.514672070741653E-002;-4.649257753044367E-003;3.404273185878992E-003;
2.499000000000000E+009;-1.684769541025162E-001;3.609472885727882E-002;-4.564547911286354E-003;3.618671093136072E-003;
2.499166666666667E+009;-1.679330021142960E-001;3.719054162502289E-002;-4.445546306669712E-003;4.250662866979837E-003;
2.499333333333334E+009;-1.670098900794983E-001;3.796134144067764E-002;-4.289184231311083E-003;4.461205098778009E-003;
2.499500000000000E+009;-1.663373708724976E-001;3.888685256242752E-002;-4.310445394366980E-003;4.729247186332941E-003;
2.499666666666667E+009;-1.653902530670166E-001;3.986262902617455E-002;-3.900241572409868E-003;5.030456464737654E-003;
2.499833333333334E+009;-1.646493226289749E-001;4.104362055659294E-002;-3.764648921787739E-003;5.277646705508232E-003;
2.500000000000000E+009;-1.635228693485260E-001;4.197476804256439E-002;-3.515652148053050E-003;5.643569398671389E-003;
